54686.5	6.59e-9	6.40e-9
54693.5	1.74e-8	8.74e-9
54700.5	1.94e-8	9.76e-9
54707.5	< 3.59e-8	-
54714.5	< 2.91e-8	-
54721.5	2.12e-8	1.26e-8
54728.5	9.52e-9	7.15e-9
54735.5	< 1.38e-8	-
54742.5	< 1.98e-8	-
54749.5	< 2.01e-8	-
54756.5	< 1.78e-8	-
54763.5	< 2.61e-8	-
54770.5	< 2.89e-8	-
54776.5	< 2.36e-8	-
54783.5	< 1.91e-8	-
54790.5	< 2.71e-8	-
54797.5	< 1.80e-8	-
54805.5	< 1.53e-8	-
54812.5	< 3.79e-8	-
54819.5	< 2.44e-8	-
54826.5	< 2.22e-8	-
54832.5	< 2.28e-8	-
54839.5	< 2.42e-8	-
54846.5	< 2.32e-8	-
54853.5	< 3.18e-8	-
54860.5	2.11e-8	1.12e-8
54867.5	< 1.80e-8	-
54874.5	< 3.35e-8	-
54881.5	< 1.51e-8	-
54888.5	< 3.05e-8	-
54897.5	< 1.76e-8	-
54904.5	< 3.51e-8	-
54911.5	2.47e-8	1.41e-8
54918.5	1.04e-8	7.39e-9
54925.5	1.26e-8	1.07e-8
54932.5	1.42e-8	1.26e-8
54939.5	< 3.05e-8	-
54946.5	< 2.35e-8	-
54953.5	< 1.61e-8	-
54960.5	< 1.95e-8	-
54967.5	1.86e-8	8.99e-9
54974.5	2.53e-8	1.25e-8
54981.5	< 5.31e-8	-
54987.5	2.62e-8	1.40e-8
54994.5	< 5.32e-8	-
55001.5	< 2.55e-8	-
55008.5	2.26e-8	1.03e-8
55016.5	< 2.71e-8	-
55023.5	< 2.61e-8	-
55030.5	< 3.30e-8	-
55037.5	2.28e-8	1.18e-8
55044.5	< 1.82e-8	-
55050.5	1.54e-8	1.03e-8
55057.5	4.38e-9	4.46e-9
55064.5	< 3.09e-8	-
55071.5	1.02e-8	8.34e-9
55078.5	< 2.55e-8	-
55085.5	< 1.43e-8	-
55092.5	< 3.47e-8	-
55099.5	< 2.49e-8	-
55106.5	1.60e-8	1.01e-8
55113.5	< 2.58e-8	-
55120.5	1.05e-8	9.45e-9
55127.5	2.45e-8	1.15e-8
55134.5	2.82e-8	1.23e-8
55141.5	2.07e-8	1.23e-8
55148.5	1.44e-8	1.11e-8
55155.5	3.68e-8	1.28e-8
55162.5	1.20e-8	8.24e-9
55169.5	2.45e-8	1.32e-8
55176.5	< 3.27e-8	-
55183.5	< 1.78e-8	-
55190.5	< 1.84e-8	-
55196.5	< 2.25e-8	-
55203.5	< 1.93e-8	-
55210.5	< 2.57e-8	-
55217.5	< 3.08e-8	-
55224.5	3.39e-8	1.48e-8
55231.5	< 1.75e-8	-
55238.5	2.92e-8	1.21e-8
55245.5	< 2.91e-8	-
55252.5	< 2.48e-8	-
55261.5	< 2.84e-8	-
55268.5	8.74e-9	7.50e-9
55275.5	6.58e-9	6.37e-9
55282.5	< 2.24e-8	-
55289.5	< 1.40e-8	-
55296.5	< 2.65e-8	-
55303.5	< 3.70e-8	-
55310.5	1.92e-8	1.18e-8
55317.5	2.77e-8	1.28e-8
55324.5	< 2.00e-8	-
55331.5	< 2.59e-8	-
55338.5	< 2.99e-8	-
55345.5	1.02e-8	7.09e-9
55352.5	1.36e-8	9.88e-9
55359.5	3.83e-8	1.60e-8
55366.5	< 1.53e-8	-
55373.5	< 3.46e-8	-
55380.5	< 2.22e-8	-
55387.5	2.89e-8	1.45e-8
55394.5	< 1.86e-8	-
55401.5	2.32e-8	1.18e-8
55408.5	9.64e-9	8.10e-9
55415.5	4.15e-8	1.52e-8
55422.5	< 3.42e-8	-
55429.5	< 3.35e-8	-
55436.5	< 2.22e-8	-
55442.5	2.44e-8	1.32e-8
55449.5	1.25e-8	9.03e-9
55456.5	< 1.59e-8	-
55463.5	< 2.37e-8	-
55470.5	2.39e-8	1.16e-8
55477.5	1.75e-8	9.88e-9
55484.5	1.90e-8	1.14e-8
55491.5	4.40e-8	1.52e-8
55498.5	< 2.76e-8	-
55505.5	1.49e-8	9.30e-9
55512.5	1.39e-8	9.93e-9
55519.5	< 2.97e-8	-
55526.5	< 2.26e-8	-
55533.5	1.15e-8	8.13e-9
55540.5	1.32e-8	1.02e-8
55547.5	3.45e-8	1.37e-8
55554.5	< 3.06e-8	-
55561.5	5.70e-8	1.98e-8
55568.5	< 3.81e-8	-
55575.5	< 1.81e-8	-
55582.5	< 1.96e-8	-
55589.5	5.74e-9	5.53e-9
55595.5	< 3.02e-8	-
55602.5	< 4.31e-8	-
55609.5	4.93e-8	1.38e-8
55616.5	< 2.26e-8	-
55626.5	1.38e-8	1.06e-8
55633.5	< 4.43e-8	-
55640.5	1.42e-8	9.95e-9
55647.5	< 2.33e-8	-
55653.5	< 2.94e-8	-
55660.5	< 1.22e-8	-
55667.5	< 2.59e-8	-
55674.5	2.15e-8	1.34e-8
55681.5	< 3.37e-8	-
55688.5	< 2.27e-8	-
55695.5	1.23e-8	8.98e-9
55702.5	2.50e-8	1.25e-8
55709.5	6.75e-9	6.54e-9
55716.5	9.50e-9	7.43e-9
55723.5	1.76e-8	1.00e-8
55730.5	2.42e-8	1.35e-8
55737.5	4.30e-8	1.51e-8
55744.5	< 2.42e-8	-
55751.5	1.79e-8	1.18e-8
55758.5	1.50e-8	1.04e-8
55765.5	1.52e-8	1.05e-8
55772.5	3.22e-8	1.31e-8
55779.5	4.37e-8	1.41e-8
55786.5	1.86e-8	1.19e-8
55793.5	1.64e-8	1.10e-8
55800.5	1.11e-8	7.29e-9
55806.5	4.44e-8	1.79e-8
55813.5	< 3.12e-8	-
55820.5	1.93e-8	9.99e-9
55827.5	2.74e-8	1.19e-8
55834.5	1.55e-8	1.14e-8
55842.5	1.95e-8	1.07e-8
55849.5	< 2.37e-8	-
55856.5	< 3.74e-8	-
55863.5	< 2.86e-8	-
55869.5	< 1.39e-8	-
55876.5	< 2.90e-8	-
55883.5	< 2.03e-8	-
55890.5	< 2.05e-8	-
55898.5	2.48e-8	1.15e-8
55905.5	< 1.39e-8	-
55912.5	2.05e-8	1.23e-8
55919.5	2.56e-8	1.35e-8
55926.5	< 2.38e-8	-
55932.5	< 3.15e-8	-
55939.5	7.40e-9	7.04e-9
55946.5	2.49e-8	1.26e-8
55953.5	2.59e-8	1.19e-8
55959.5	3.52e-8	1.25e-8
55966.5	1.09e-8	9.20e-9
55973.5	3.89e-8	1.46e-8
55980.5	< 3.65e-8	-
55989.5	< 3.09e-8	-
55996.5	< 3.87e-8	-
56003.5	2.08e-8	1.23e-8
56010.5	4.08e-8	1.39e-8
56017.5	2.07e-8	1.19e-8
56023.5	1.68e-8	9.11e-9
56030.5	3.08e-8	1.31e-8
56037.5	5.72e-8	1.81e-8
56044.5	3.48e-8	1.30e-8
56052.5	2.07e-8	1.49e-8
56059.5	2.34e-8	1.11e-8
56066.5	3.06e-8	1.41e-8
56073.5	3.23e-8	1.25e-8
56079.5	1.93e-8	1.02e-8
56086.5	1.43e-8	9.24e-9
56093.5	< 2.70e-8	-
56100.5	6.75e-9	6.44e-9
56107.5	< 2.03e-8	-
56115.5	1.67e-8	9.60e-9
56122.5	< 2.81e-8	-
56129.5	< 2.36e-8	-
56136.5	< 2.52e-8	-
56142.5	< 1.27e-8	-
56149.5	< 2.84e-8	-
56156.5	< 5.23e-8	-
56163.5	< 2.18e-8	-
56170.5	< 2.56e-8	-
56176.5	< 2.37e-8	-
56183.5	1.50e-8	9.19e-9
56190.5	< 3.17e-8	-
56197.5	1.09e-8	6.29e-9
56205.5	1.63e-8	9.11e-9
56212.5	1.60e-8	9.91e-9
56219.5	< 3.29e-8	-
56226.5	1.78e-8	1.01e-8
56232.5	< 1.63e-8	-
56239.5	9.80e-9	7.84e-9
56246.5	1.39e-8	9.20e-9
56253.5	9.43e-9	7.05e-9
56260.5	< 3.26e-8	-
56268.5	1.70e-8	1.01e-8
56275.5	1.35e-8	8.96e-9
56282.5	1.32e-8	9.32e-9
56289.5	< 1.99e-8	-
56295.5	< 2.78e-8	-
56302.5	< 3.27e-8	-
56309.5	2.06e-8	1.13e-8
56316.5	2.67e-8	1.28e-8
56323.5	2.25e-8	1.19e-8
56330.5	2.73e-8	1.15e-8
56337.5	2.17e-8	1.19e-8
56344.5	< 3.84e-8	-
56353.5	1.30e-8	9.51e-9
56360.5	1.56e-8	1.01e-8
56367.5	2.75e-8	1.38e-8
56374.5	< 3.58e-8	-
56381.5	2.10e-8	1.11e-8
56388.5	2.93e-8	1.17e-8
56395.5	3.20e-8	1.35e-8
56402.5	1.55e-8	9.31e-9
56409.5	2.94e-8	1.29e-8
56416.5	1.62e-8	1.07e-8
56423.5	< 4.71e-8	-
56430.5	1.19e-8	7.64e-9
56437.5	< 2.39e-8	-
56444.5	< 3.47e-8	-
56450.5	< 3.55e-8	-
56457.5	< 3.07e-8	-
56464.5	< 1.97e-8	-
56471.5	< 2.35e-8	-
56479.5	1.44e-8	1.01e-8
56486.5	< 3.43e-8	-
56493.5	3.46e-8	1.36e-8
56500.5	1.97e-8	1.10e-8
56506.5	1.78e-8	1.15e-8
56513.5	< 1.64e-8	-
56520.5	6.03e-9	4.69e-9
56527.5	2.48e-8	1.53e-8
56534.5	< 5.77e-8	-
56541.5	2.54e-8	1.34e-8
56548.5	1.39e-8	9.58e-9
56555.5	2.40e-8	1.20e-8
56562.5	2.18e-8	1.32e-8
56569.5	< 1.34e-8	-
56576.5	< 2.53e-8	-
56583.5	< 1.87e-8	-
56590.5	< 3.14e-8	-
56597.5	< 2.95e-8	-
56604.5	< 4.48e-8	-
56611.5	6.80e-9	6.69e-9
56618.5	< 2.74e-8	-
56625.5	< 3.38e-8	-
56632.5	< 4.42e-8	-
56639.5	3.35e-8	3.02e-8
56646.5	1.54e-8	1.11e-8
56653.5	1.59e-8	1.22e-8
56659.5	2.62e-8	1.54e-8
56666.5	< 4.25e-8	-
56673.5	5.65e-8	2.37e-8
56680.5	4.11e-8	1.27e-8
56687.5	1.81e-8	8.54e-9
56694.5	2.50e-8	1.14e-8
56701.5	< 3.86e-8	-
56708.5	< 3.79e-8	-
56715.5	< 5.44e-8	-
56724.5	3.00e-8	2.24e-8
56731.5	2.74e-8	1.31e-8
56738.5	< 6.68e-8	-
56745.5	< 4.54e-8	-
56752.5	< 3.29e-8	-
56759.5	< 2.42e-8	-
56766.5	< 2.13e-8	-
56773.5	< 2.25e-8	-
56780.5	< 3.60e-8	-
56787.5	1.28e-8	8.06e-9
56794.5	1.29e-8	9.62e-9
56801.5	1.00e-8	7.01e-9
56808.5	< 2.65e-8	-
56815.5	< 3.83e-8	-
56822.5	1.90e-8	1.22e-8
56829.5	1.74e-8	1.03e-8
56836.5	1.27e-8	8.80e-9
56843.5	< 3.02e-8	-
56850.5	< 2.85e-8	-
56857.5	< 4.43e-8	-
56864.5	< 1.22e-8	-
56871.5	1.62e-8	1.09e-8
56878.5	< 3.43e-8	-
56885.5	< 4.25e-8	-
56892.5	< 3.10e-8	-
56899.5	< 1.02e-7	-
56905.5	< 3.36e-8	-
56912.5	2.42e-8	1.33e-8
56919.5	< 4.32e-8	-
56926.5	< 3.71e-8	-
56933.5	3.60e-8	1.77e-8
56940.5	< 5.28e-8	-
56947.5	< 2.91e-8	-
56954.5	< 6.62e-8	-
56961.5	< 3.35e-8	-
56968.5	1.01e-8	8.23e-9
56975.5	2.61e-8	1.47e-8
56982.5	< 3.04e-8	-
56989.5	2.43e-8	1.65e-8
56996.5	< 2.35e-8	-
57003.5	< 4.29e-8	-
57010.5	1.43e-8	9.34e-9
57017.5	< 3.14e-8	-
57024.5	2.10e-8	9.90e-9
57031.5	< 2.38e-8	-
57038.5	< 2.78e-8	-
57045.5	< 3.02e-8	-
57052.5	< 1.79e-8	-
57058.5	1.09e-8	8.27e-9
57065.5	< 2.32e-8	-
57072.5	< 1.82e-8	-
57079.5	< 2.48e-8	-
57089.5	1.59e-8	9.98e-9
57096.5	< 3.70e-8	-
57103.5	6.17e-8	3.06e-8
57110.5	7.82e-8	4.20e-8
57116.5	< 5.14e-8	-
57123.5	< 2.27e-8	-
57130.5	< 2.43e-8	-
57137.5	4.04e-8	1.56e-8
57144.5	< 2.88e-8	-
57151.5	2.11e-8	1.05e-8
57158.5	3.43e-8	1.27e-8
57165.5	3.94e-8	1.54e-8
57172.5	3.36e-8	1.54e-8
57179.5	3.18e-8	1.19e-8
57186.5	5.76e-8	1.47e-8
57193.5	2.56e-8	1.27e-8
57200.5	< 2.15e-8	-
57207.5	< 2.30e-8	-
57214.5	2.19e-8	1.11e-8
57221.5	1.01e-8	9.02e-9
57228.5	1.05e-8	7.52e-9
57235.5	2.79e-8	1.26e-8
57242.5	1.68e-8	1.06e-8
57249.5	2.48e-8	1.14e-8
57256.5	< 4.03e-8	-
57263.5	2.02e-8	1.03e-8
57269.5	2.88e-8	1.29e-8
57276.5	< 2.35e-8	-
57283.5	1.72e-8	9.39e-9
57290.5	2.59e-8	1.41e-8
57298.5	< 3.38e-8	-
57305.5	1.20e-8	8.95e-9
57312.5	3.33e-8	1.23e-8
57319.5	1.61e-8	1.12e-8
57326.5	3.23e-8	1.32e-8
57332.5	9.81e-9	7.40e-9
57339.5	2.72e-8	1.20e-8
57346.5	3.39e-8	1.22e-8
57353.5	1.91e-8	1.18e-8
57361.5	2.08e-8	1.12e-8
57368.5	3.80e-8	1.32e-8
57375.5	3.26e-8	1.28e-8
57382.5	< 4.18e-8	-
57388.5	3.58e-8	1.37e-8
57395.5	2.85e-8	1.23e-8
57402.5	< 4.33e-8	-
57409.5	< 2.76e-8	-
57416.5	< 4.74e-8	-
57422.5	3.78e-8	1.38e-8
57429.5	2.76e-8	1.21e-8
57436.5	1.23e-8	9.54e-9
57443.5	2.31e-8	1.16e-8
57452.5	3.09e-8	1.30e-8
57459.5	< 2.50e-8	-
57466.5	9.32e-9	8.21e-9
57473.5	< 2.34e-8	-
57479.5	< 3.03e-8	-
57486.5	< 3.55e-8	-
57493.5	2.75e-8	1.16e-8
57500.5	1.83e-8	1.05e-8
57507.5	< 1.18e-8	-
57515.5	< 2.29e-8	-
57522.5	1.81e-8	9.62e-9
57529.5	2.19e-8	9.20e-9
57536.5	2.17e-8	1.23e-8
57542.5	2.79e-8	1.33e-8
57549.5	1.60e-8	9.87e-9
57556.5	2.37e-8	1.28e-8
57563.5	2.53e-8	1.11e-8
57571.5	2.06e-8	1.02e-8
57578.5	2.25e-8	1.17e-8
57585.5	3.32e-8	1.37e-8
57592.5	6.59e-8	2.56e-8
57599.5	1.09e-8	9.05e-9
57605.5	< 5.64e-7	-
57612.5	3.58e-8	1.32e-8
57619.5	2.08e-8	1.20e-8
57626.5	1.54e-8	9.51e-9
57632.5	1.84e-8	1.27e-8
57639.5	1.87e-8	1.10e-8
57646.5	< 2.11e-8	-
57653.5	< 2.50e-8	-
57660.5	5.99e-9	5.86e-9
57668.5	< 4.38e-8	-
57675.5	< 2.37e-8	-
57682.5	< 2.59e-8	-
57689.5	< 4.32e-8	-
57695.5	< 5.90e-8	-
57702.5	3.02e-8	1.64e-8
57709.5	2.46e-8	1.32e-8
57716.5	1.98e-8	1.26e-8
57724.5	< 3.56e-8	-
57731.5	3.85e-8	1.41e-8
57738.5	3.67e-8	1.11e-8
57745.5	< 2.96e-8	-
57752.5	8.86e-9	8.12e-9
57758.5	< 3.00e-8	-
57765.5	2.55e-8	1.14e-8
57772.5	< 2.79e-8	-
57779.5	1.57e-8	1.17e-8
57786.5	< 3.92e-8	-
57793.5	< 3.82e-8	-
57800.5	2.58e-8	1.39e-8
57807.5	< 3.26e-8	-
57816.5	1.03e-8	7.17e-9
57823.5	< 2.00e-8	-
57830.5	1.24e-8	9.14e-9
57837.5	2.61e-8	1.36e-8
57844.5	< 2.03e-8	-
57851.5	1.87e-8	1.13e-8
57858.5	1.78e-8	1.28e-8
57865.5	< 2.89e-8	-
57872.5	< 3.25e-8	-
57879.5	2.05e-8	1.21e-8
57886.5	3.07e-8	1.31e-8
57893.5	3.11e-8	1.25e-8
57900.5	< 1.79e-8	-
57906.5	1.09e-8	9.32e-9
57913.5	2.73e-8	1.47e-8
57920.5	< 2.25e-8	-
57927.5	1.58e-8	9.17e-9
57934.5	< 4.39e-8	-
57942.5	4.53e-8	1.46e-8
57949.5	6.43e-8	1.63e-8
57956.5	5.26e-8	1.57e-8
57963.5	< 4.39e-8	-
57969.5	< 3.13e-8	-
57976.5	1.33e-8	8.28e-9
57983.5	< 4.98e-8	-
57990.5	2.34e-8	1.32e-8
57997.5	1.22e-8	8.58e-9
58004.5	1.06e-8	7.36e-9
58011.5	< 5.72e-8	-
58018.5	< 4.70e-8	-
58025.5	< 2.66e-8	-
58032.5	2.42e-8	1.03e-8
58039.5	1.53e-8	1.00e-8
58046.5	1.93e-8	1.08e-8
58053.5	1.44e-8	1.01e-8
58060.5	< 3.55e-8	-
58067.5	< 2.45e-8	-
58074.5	1.36e-8	9.60e-9
58081.5	2.49e-8	1.11e-8
58088.5	7.39e-9	7.01e-9
58095.5	1.62e-8	9.87e-9
58102.5	< 3.25e-8	-
58109.5	1.68e-8	1.04e-8
58116.5	< 2.76e-8	-
58122.5	< 2.39e-8	-
58129.5	9.41e-9	7.11e-9
58136.5	1.92e-8	1.14e-8
58143.5	< 1.25e-8	-
58150.5	2.77e-8	1.33e-8
58157.5	< 2.89e-8	-
58164.5	1.74e-8	1.10e-8
58171.5	2.43e-8	1.27e-8
58180.5	1.78e-8	1.03e-8
58187.5	9.91e-9	8.12e-9
58194.5	3.24e-8	2.53e-8
58236.5	5.99e-8	4.79e-8
58243.5	3.46e-8	9.30e-9
58250.5	1.93e-8	9.45e-9
58257.5	< 1.70e-7	-
58264.5	2.12e-8	1.09e-8
58271.5	1.77e-8	9.93e-9
58278.5	1.89e-8	1.13e-8
58292.5	2.70e-8	8.50e-9
58299.5	< 1.57e-6	-
58306.5	4.20e-8	1.76e-8
58313.5	< 2.86e-8	-
58320.5	2.21e-8	9.00e-9
58327.5	1.49e-8	1.08e-8
58333.5	1.83e-8	9.53e-9
58340.5	1.92e-8	7.50e-9
58347.5	< 5.06e-8	-
58354.5	< 1.83e-8	-
58361.5	2.06e-8	7.30e-9
58368.5	2.18e-8	1.47e-8
58375.5	9.34e-9	5.71e-9
58382.5	4.18e-8	1.07e-8
58389.5	1.40e-8	7.34e-9
58396.5	1.65e-8	8.61e-9
58417.5	< 2.77e-8	-
58424.5	1.66e-8	9.60e-9
58431.5	2.45e-8	1.30e-8
58438.5	2.36e-8	1.51e-8
58445.5	1.31e-8	6.20e-9
58452.5	< 2.70e-8	-
58459.5	1.02e-8	7.04e-9
58466.5	< 1.98e-8	-
58473.5	1.32e-8	7.92e-9
58480.5	3.74e-8	1.09e-8
58487.5	2.03e-8	9.10e-9
58494.5	< 3.30e-8	-
58501.5	1.28e-8	8.41e-9
58508.5	1.41e-8	8.79e-9
58514.5	1.93e-8	9.10e-9
58521.5	< 1.63e-8	-
58528.5	< 2.11e-8	-
58535.5	< 2.42e-8	-
58545.5	1.88e-8	1.09e-8
58552.5	< 3.03e-8	-
58559.5	< 3.58e-8	-
58566.5	1.57e-8	1.11e-8
58573.5	< 3.40e-8	-
58579.5	4.08e-9	4.13e-9
58586.5	< 4.01e-8	-
58593.5	2.20e-8	1.50e-8
58600.5	4.43e-8	2.22e-8
58607.5	< 1.30e-8	-
58614.5	< 3.16e-8	-
58621.5	< 3.74e-8	-
58628.5	1.51e-8	7.97e-9
58635.5	< 2.08e-8	-
58642.5	7.27e-9	5.07e-9
58649.5	< 2.60e-8	-
58656.5	< 2.41e-8	-
58663.5	< 2.55e-8	-
58670.5	< 1.93e-8	-
58677.5	< 1.95e-8	-
58684.5	< 2.48e-8	-
58691.5	2.30e-8	7.90e-9
58698.5	3.84e-8	1.57e-8
58705.5	2.84e-8	1.38e-8
58712.5	< 3.99e-8	-
58719.5	1.90e-8	1.08e-8
58726.5	3.15e-8	1.06e-8
58732.5	8.74e-9	5.77e-9
58739.5	1.24e-8	7.95e-9
58746.5	2.10e-8	1.09e-8
58753.5	< 1.23e-7	-
58761.5	3.32e-8	1.55e-8
58768.5	1.49e-8	8.50e-9
58775.5	2.00e-8	1.15e-8
58782.5	< 2.34e-8	-
58788.5	< 3.26e-8	-
58795.5	3.56e-8	1.61e-8
58802.5	< 3.72e-8	-
58809.5	< 2.58e-8	-
58816.5	6.04e-9	5.81e-9
58823.5	8.34e-9	6.21e-9
58830.5	< 2.63e-8	-
58837.5	8.46e-9	7.78e-9
58844.5	7.48e-9	6.17e-9
58851.5	1.75e-8	8.72e-9
58858.5	2.24e-8	1.11e-8
58865.5	2.74e-8	1.33e-8
58872.5	< 1.71e-8	-
58879.5	< 1.27e-8	-
58885.5	< 1.22e-8	-
58892.5	2.21e-8	8.30e-9
58899.5	2.14e-8	1.05e-8
58906.5	4.11e-8	1.49e-8
58915.5	1.92e-8	1.09e-8
58922.5	8.42e-9	6.10e-9
58929.5	2.63e-8	1.21e-8
58936.5	3.44e-8	1.44e-8
58942.5	< 2.96e-8	-
58949.5	3.50e-8	1.28e-8
58956.5	< 4.03e-8	-
58963.5	< 3.38e-8	-
58971.5	< 5.03e-8	-
58978.5	< 2.40e-8	-
58985.5	< 1.95e-8	-
58992.5	< 2.56e-8	-
58999.5	2.39e-8	1.11e-8
59005.5	< 2.98e-8	-
59012.5	1.29e-8	8.09e-9
59019.5	< 3.56e-8	-
59026.5	< 3.23e-8	-
59034.5	1.50e-8	9.39e-9
59041.5	< 3.14e-8	-
59048.5	5.79e-9	5.21e-9
59055.5	< 1.95e-8	-
59062.5	1.34e-8	7.30e-9
59068.5	4.69e-8	1.62e-8
59075.5	1.20e-8	9.28e-9
59082.5	< 2.45e-8	-
59089.5	1.40e-8	1.04e-8
59095.5	2.34e-8	1.01e-8
59102.5	5.72e-9	5.21e-9
59109.5	9.78e-9	7.98e-9
59116.5	< 2.87e-8	-
59124.5	< 4.52e-7	-
59131.5	2.48e-8	1.31e-8
59138.5	< 3.13e-8	-
59145.5	1.46e-8	9.21e-9
59152.5	< 1.97e-8	-
59158.5	6.41e-9	6.21e-9
59165.5	1.87e-8	1.19e-8
59172.5	< 2.75e-8	-
59179.5	< 2.29e-8	-
59187.5	< 2.61e-8	-
59194.5	8.61e-9	6.07e-9
59201.5	< 2.94e-8	-
59208.5	1.30e-8	8.26e-9
59214.5	< 2.48e-8	-
59221.5	1.86e-8	8.50e-9
59228.5	< 1.80e-8	-
59235.5	< 2.79e-8	-
59242.5	1.95e-8	1.05e-8
59249.5	1.76e-8	1.02e-8
59256.5	< 1.70e-8	-
59263.5	< 2.10e-8	-
59270.5	< 1.82e-8	-
59279.5	2.66e-8	1.27e-8
59286.5	1.65e-8	1.14e-8
59293.5	1.22e-8	8.53e-9
59300.5	< 2.11e-8	-
59306.5	8.78e-9	7.13e-9
59313.5	1.95e-8	1.17e-8
59320.5	< 2.98e-8	-
59327.5	< 1.65e-8	-
59334.5	3.00e-8	1.70e-8
59342.5	< 3.99e-8	-
59349.5	< 3.77e-8	-
59356.5	2.47e-8	1.11e-8
59363.5	< 1.70e-8	-
59369.5	< 2.34e-8	-
59376.5	9.37e-9	6.94e-9
59383.5	1.96e-8	7.80e-9
59390.5	< 3.20e-8	-
59398.5	< 2.42e-8	-
59405.5	2.65e-8	1.32e-8
59412.5	< 1.53e-8	-
59419.5	< 2.77e-8	-
59426.5	8.97e-9	6.21e-9
59432.5	1.67e-8	9.25e-9
59439.5	< 1.76e-8	-
59446.5	< 3.99e-8	-
59453.5	< 2.98e-8	-
59460.5	4.28e-8	1.53e-8
59467.5	< 1.84e-8	-
59474.5	< 1.65e-8	-
59481.5	8.37e-9	7.38e-9
59488.5	< 3.05e-8	-
59495.5	< 2.24e-7	-
59502.5	< 2.70e-8	-
59509.5	< 2.90e-8	-
59516.5	< 2.04e-8	-
59523.5	6.31e-9	6.15e-9
59530.5	1.35e-8	1.01e-8
59537.5	1.47e-8	9.94e-9
59544.5	1.78e-8	1.12e-8
59551.5	< 2.84e-8	-
59558.5	< 3.25e-8	-
59565.5	2.25e-8	1.01e-8
59572.5	9.29e-9	6.45e-9
59579.5	< 2.09e-8	-
59585.5	< 3.07e-8	-
59592.5	1.74e-8	9.13e-9
59599.5	< 3.06e-8	-
59606.5	< 2.94e-8	-
59613.5	< 2.16e-8	-
59620.5	1.01e-8	7.13e-9
59627.5	< 1.31e-8	-
59634.5	3.57e-8	1.15e-8
59643.5	< 2.37e-8	-
59650.5	1.13e-8	8.71e-9
59657.5	6.32e-9	6.28e-9
59664.5	1.69e-8	1.06e-8
59671.5	< 3.21e-8	-
59678.5	3.16e-8	1.37e-8
59685.5	1.37e-8	8.12e-9
59692.5	< 5.57e-8	-
59699.5	4.00e-8	1.41e-8
59706.5	< 5.12e-8	-
59713.5	< 3.31e-8	-
59720.5	< 2.77e-8	-
59727.5	1.97e-8	1.13e-8
59734.5	< 3.11e-8	-
59741.5	< 1.94e-8	-
59748.5	< 1.25e-8	-
59755.5	1.23e-8	6.96e-9
59762.5	< 4.29e-8	-
59769.5	2.10e-8	1.19e-8
59776.5	1.52e-8	8.75e-9
59783.5	< 1.62e-8	-
59790.5	1.69e-8	8.28e-9
59796.5	1.06e-8	5.68e-9
59803.5	< 2.67e-8	-
59810.5	< 3.60e-8	-
59817.5	1.19e-8	8.79e-9
59824.5	1.68e-8	1.08e-8
59831.5	< 2.37e-8	-
59838.5	< 1.64e-8	-
59845.5	1.44e-8	9.93e-9
59852.5	< 3.81e-8	-
59859.5	3.25e-8	2.35e-8
59866.5	< 7.11e-8	-
59873.5	< 1.88e-8	-
59880.5	4.44e-9	4.40e-9
59887.5	< 1.84e-8	-
59894.5	< 3.32e-8	-
59901.5	< 2.51e-8	-
59908.5	< 3.56e-8	-
59915.5	< 2.77e-8	-
59922.5	< 3.09e-8	-
59929.5	< 2.90e-8	-
59936.5	2.01e-8	1.15e-8
59943.5	< 1.98e-8	-
59950.5	< 1.94e-8	-
59957.5	< 1.62e-8	-
59964.5	7.25e-9	6.22e-9
59971.5	< 2.95e-8	-
59977.5	1.93e-8	8.80e-9
59984.5	< 2.92e-8	-
59991.5	< 1.02e-8	-
59998.5	1.50e-8	7.33e-9
60008.5	< 2.24e-8	-
60015.5	< 3.10e-8	-
60022.5	< 3.67e-8	-
60029.5	2.02e-8	1.15e-8
60036.5	< 2.48e-8	-
60042.5	1.91e-8	9.91e-9
60049.5	< 4.46e-8	-
60056.5	< 3.02e-8	-
60063.5	9.85e-9	7.94e-9
60070.5	2.61e-8	1.25e-8
60077.5	< 3.39e-8	-
60084.5	1.54e-8	1.05e-8
60091.5	2.03e-8	1.14e-8
60098.5	1.55e-8	1.04e-8
60105.5	1.68e-8	1.05e-8
60112.5	1.48e-8	8.37e-9
60119.5	2.10e-8	9.10e-9
60126.5	1.50e-8	9.68e-9
60133.5	< 4.05e-8	-
60140.5	< 3.70e-8	-
60147.5	1.47e-8	8.59e-9
60154.5	3.36e-8	1.18e-8
60161.5	2.46e-8	9.30e-9
60168.5	2.18e-8	8.20e-9
60175.5	< 2.45e-8	-
60182.5	3.34e-8	1.54e-8
60188.5	< 2.80e-8	-
60195.5	3.53e-8	1.43e-8
60202.5	1.97e-8	9.00e-9
60209.5	1.56e-8	8.34e-9
60216.5	1.10e-8	7.71e-9
60224.5	< 4.12e-8	-
60231.5	< 7.47e-8	-
60238.5	< 2.06e-8	-
60245.5	< 2.02e-8	-
