54684.5	6.21e-8	2.16e-8
54687.5	3.33e-8	1.90e-8
54690.5	6.96e-8	2.30e-8
54693.5	1.02e-7	2.49e-8
54696.5	1.10e-7	2.57e-8
54699.5	7.04e-8	2.08e-8
54702.5	7.64e-8	2.05e-8
54705.5	6.72e-8	1.87e-8
54708.5	6.80e-8	2.01e-8
54711.5	5.11e-8	1.75e-8
54714.5	4.19e-8	1.71e-8
54717.5	7.14e-8	2.00e-8
54720.5	4.83e-8	1.77e-8
54723.5	3.20e-8	1.59e-8
54726.5	6.46e-8	2.34e-8
54729.5	3.41e-8	2.02e-8
54732.5	5.25e-8	2.39e-8
54735.5	4.73e-8	2.18e-8
54738.5	5.68e-8	2.67e-8
54741.5	6.32e-8	2.33e-8
54744.5	7.25e-8	2.35e-8
54747.5	4.63e-8	1.77e-8
54750.5	6.14e-8	1.81e-8
54753.5	7.34e-8	2.10e-8
54759.5	5.67e-8	1.75e-8
54762.5	4.98e-8	1.82e-8
54765.5	4.38e-8	1.73e-8
54768.5	3.51e-8	1.52e-8
54770.5	8.17e-8	2.27e-8
54773.5	7.07e-8	2.21e-8
54776.5	8.16e-8	2.39e-8
54779.5	6.75e-8	2.28e-8
54782.5	1.17e-7	3.16e-8
54785.5	6.96e-8	2.57e-8
54788.5	3.03e-8	1.87e-8
54791.5	5.84e-8	2.44e-8
54794.5	6.65e-8	2.36e-8
54797.5	4.59e-8	2.06e-8
54801.5	8.13e-8	2.26e-8
54804.5	4.90e-8	1.69e-8
54807.5	7.23e-8	2.02e-8
54810.5	7.06e-8	2.10e-8
54813.5	8.63e-8	2.23e-8
54816.5	2.40e-8	1.33e-8
54819.5	6.53e-8	1.92e-8
54822.5	8.65e-8	2.16e-8
54825.5	8.05e-8	2.31e-8
54828.5	3.96e-8	1.67e-8
54831.5	4.43e-8	1.92e-8
54833.5	7.89e-8	2.59e-8
54836.5	5.46e-8	2.26e-8
54839.5	4.56e-8	2.05e-8
54842.5	2.43e-8	1.77e-8
54845.5	5.85e-8	2.33e-8
54848.5	3.70e-8	1.65e-8
54851.5	4.37e-8	1.83e-8
54854.5	3.95e-8	1.48e-8
54857.5	2.15e-8	1.19e-8
54860.5	3.02e-8	1.63e-8
54863.5	3.20e-8	1.65e-8
54866.5	4.13e-8	1.67e-8
54869.5	3.09e-8	1.39e-8
54872.5	6.03e-8	1.90e-8
54875.5	3.99e-8	1.49e-8
54878.5	3.50e-8	1.43e-8
54881.5	3.51e-8	1.60e-8
54884.5	2.74e-8	1.53e-8
54887.5	< 6.33e-8	-
54892.5	4.46e-8	2.06e-8
54895.5	4.16e-8	1.99e-8
54898.5	4.10e-8	2.18e-8
54901.5	5.19e-8	2.57e-8
54907.5	< 5.09e-8	-
54910.5	< 4.91e-8	-
54913.5	2.53e-8	1.34e-8
54916.5	4.85e-8	1.92e-8
54919.5	3.25e-8	1.61e-8
54922.5	2.79e-8	1.38e-8
54925.5	4.49e-8	1.67e-8
54928.5	7.59e-8	2.06e-8
54931.5	2.09e-8	1.28e-8
54934.5	2.31e-8	1.39e-8
54937.5	3.08e-8	1.58e-8
54940.5	< 2.74e-8	-
54943.5	< 6.72e-8	-
54946.5	1.85e-8	1.26e-8
54949.5	2.08e-8	1.55e-8
54952.5	3.53e-8	1.93e-8
54955.5	4.53e-8	2.17e-8
54958.5	3.22e-8	1.79e-8
54961.5	2.97e-8	1.57e-8
54964.5	5.32e-8	1.89e-8
54967.5	4.21e-8	1.81e-8
54970.5	5.08e-8	1.83e-8
54973.5	1.30e-8	9.90e-9
54976.5	2.95e-8	1.46e-8
54979.5	6.33e-8	1.91e-8
54982.5	2.87e-8	1.53e-8
54984.5	2.66e-8	1.29e-8
54987.5	2.69e-8	1.44e-8
54990.5	4.17e-8	1.95e-8
54993.5	3.23e-8	1.79e-8
54996.5	3.25e-8	1.80e-8
54999.5	5.06e-8	2.19e-8
55002.5	8.27e-8	3.01e-8
55005.5	< 4.20e-8	-
55008.5	5.08e-8	2.60e-8
55011.5	< 4.67e-8	-
55015.5	2.51e-8	1.62e-8
55018.5	5.65e-8	1.89e-8
55021.5	3.45e-8	1.46e-8
55024.5	3.56e-8	1.54e-8
55027.5	4.75e-8	1.65e-8
55030.5	3.66e-8	1.61e-8
55033.5	4.79e-8	1.77e-8
55036.5	2.27e-8	1.31e-8
55039.5	7.55e-8	2.20e-8
55042.5	1.19e-8	1.04e-8
55044.5	1.71e-8	1.22e-8
55047.5	2.22e-8	1.59e-8
55050.5	5.05e-8	2.09e-8
55053.5	< 3.90e-8	-
55056.5	2.28e-8	1.66e-8
55059.5	5.63e-8	2.26e-8
55062.5	5.89e-8	2.29e-8
55065.5	1.40e-8	1.21e-8
55068.5	5.00e-8	1.93e-8
55071.5	2.48e-8	1.51e-8
55074.5	3.06e-8	1.58e-8
55077.5	2.47e-8	1.44e-8
55080.5	4.78e-8	2.14e-8
55083.5	7.19e-8	2.46e-8
55086.5	4.43e-8	2.05e-8
55089.5	2.55e-8	1.61e-8
55092.5	7.69e-8	2.40e-8
55095.5	< 4.22e-8	-
55098.5	5.85e-8	2.53e-8
55101.5	< 3.66e-8	-
55104.5	< 3.97e-8	-
55107.5	4.46e-8	2.17e-8
55110.5	2.00e-8	1.56e-8
55113.5	3.79e-8	2.03e-8
55116.5	4.57e-8	2.16e-8
55119.5	4.88e-8	2.32e-8
55122.5	6.66e-8	2.36e-8
55125.5	5.36e-8	2.25e-8
55128.5	4.15e-8	2.15e-8
55131.5	8.46e-8	2.74e-8
55134.5	4.08e-8	1.82e-8
55137.5	3.13e-8	1.74e-8
55140.5	5.71e-8	2.28e-8
55143.5	< 4.43e-8	-
55146.5	< 6.94e-8	-
55149.5	1.49e-8	1.14e-8
55152.5	6.24e-8	2.56e-8
55155.5	1.31e-8	1.07e-8
55158.5	9.73e-8	3.00e-8
55161.5	3.08e-8	1.67e-8
55164.5	4.97e-8	2.65e-8
55167.5	5.39e-8	2.22e-8
55170.5	< 4.62e-8	-
55173.5	2.78e-8	1.82e-8
55176.5	4.22e-8	2.02e-8
55179.5	2.23e-8	1.61e-8
55182.5	1.77e-8	1.29e-8
55185.5	6.98e-8	2.39e-8
55188.5	< 4.45e-8	-
55191.5	2.81e-8	1.49e-8
55194.5	2.78e-8	1.67e-8
55196.5	5.96e-8	2.09e-8
55199.5	7.99e-8	2.61e-8
55202.5	5.21e-8	2.40e-8
55205.5	3.97e-8	2.18e-8
55208.5	3.34e-8	1.90e-8
55211.5	7.45e-8	2.81e-8
55214.5	< 4.86e-8	-
55217.5	1.93e-8	1.52e-8
55220.5	1.62e-8	1.37e-8
55223.5	7.98e-8	2.99e-8
55226.5	4.01e-8	1.90e-8
55229.5	6.05e-8	2.49e-8
55232.5	2.03e-8	1.51e-8
55235.5	2.78e-8	1.54e-8
55238.5	5.18e-8	2.08e-8
55241.5	6.26e-8	2.55e-8
55244.5	< 5.45e-8	-
55247.5	5.03e-8	2.00e-8
55250.5	5.19e-8	2.17e-8
55253.5	4.82e-8	2.11e-8
55258.5	5.76e-8	2.25e-8
55261.5	3.56e-8	1.90e-8
55264.5	4.44e-8	2.07e-8
55267.5	9.04e-8	3.18e-8
55270.5	6.07e-8	2.58e-8
55273.5	3.79e-8	2.11e-8
55276.5	5.47e-8	2.23e-8
55279.5	4.40e-8	2.48e-8
55282.5	6.50e-8	2.58e-8
55285.5	3.38e-8	2.03e-8
55288.5	3.52e-8	1.72e-8
55291.5	1.03e-7	2.89e-8
55294.5	1.43e-8	1.44e-8
55297.5	4.93e-8	2.12e-8
55300.5	5.30e-8	1.99e-8
55303.5	8.09e-8	2.83e-8
55306.5	8.36e-8	2.71e-8
55309.5	3.83e-8	2.18e-8
55312.5	4.72e-8	2.29e-8
55315.5	5.58e-8	2.43e-8
55318.5	8.54e-8	2.93e-8
55321.5	8.57e-8	2.99e-8
55324.5	4.19e-8	2.26e-8
55327.5	6.56e-8	2.51e-8
55330.5	5.93e-8	2.60e-8
55333.5	5.44e-8	2.38e-8
55336.5	8.23e-8	2.66e-8
55339.5	2.14e-8	1.54e-8
55342.5	5.27e-8	2.07e-8
55345.5	4.12e-8	2.50e-8
55348.5	4.66e-8	2.09e-8
55351.5	4.87e-8	1.99e-8
55354.5	3.94e-8	2.14e-8
55357.5	4.79e-8	1.89e-8
55360.5	4.75e-8	2.13e-8
55363.5	5.53e-8	2.57e-8
55366.5	4.18e-8	2.17e-8
55369.5	6.69e-8	2.32e-8
55372.5	3.03e-8	1.74e-8
55375.5	7.10e-8	2.37e-8
55378.5	4.38e-8	2.10e-8
55381.5	8.43e-8	2.77e-8
55384.5	7.45e-8	2.60e-8
55387.5	7.57e-8	2.65e-8
55390.5	8.21e-8	2.45e-8
55393.5	6.97e-8	2.21e-8
55396.5	6.31e-8	2.43e-8
55399.5	1.43e-7	3.00e-8
55402.5	5.95e-8	2.32e-8
55405.5	1.30e-7	2.90e-8
55408.5	6.03e-8	2.34e-8
55411.5	4.58e-8	1.99e-8
55414.5	7.31e-8	2.69e-8
55417.5	4.43e-8	2.05e-8
55420.5	1.02e-7	2.80e-8
55423.5	3.42e-8	1.72e-8
55426.5	4.08e-8	1.93e-8
55429.5	6.67e-8	2.42e-8
55432.5	7.15e-8	2.48e-8
55435.5	5.62e-8	2.18e-8
55438.5	4.64e-8	2.08e-8
55440.5	4.26e-8	1.90e-8
55443.5	7.02e-8	2.51e-8
55446.5	4.96e-8	1.93e-8
55449.5	4.10e-8	1.72e-8
55452.5	2.51e-8	1.56e-8
55455.5	7.92e-8	2.31e-8
55458.5	3.11e-8	1.94e-8
55461.5	4.45e-8	1.94e-8
55464.5	< 1.96e-7	-
55467.5	4.34e-8	2.43e-8
55470.5	8.26e-8	2.66e-8
55473.5	6.06e-8	2.48e-8
55476.5	6.23e-8	2.44e-8
55479.5	8.21e-8	2.95e-8
55482.5	8.71e-8	2.93e-8
55485.5	< 7.47e-8	-
55488.5	6.16e-8	2.33e-8
55491.5	5.21e-8	2.16e-8
55494.5	6.62e-8	2.72e-8
55497.5	8.38e-8	2.46e-8
55500.5	3.72e-8	2.08e-8
55503.5	7.84e-8	2.52e-8
55506.5	4.71e-8	2.38e-8
55509.5	< 4.04e-8	-
55512.5	4.32e-8	2.10e-8
55515.5	5.38e-8	2.17e-8
55518.5	4.09e-8	2.07e-8
55521.5	4.23e-8	2.23e-8
55524.5	3.83e-8	2.09e-8
55527.5	3.26e-8	1.90e-8
55530.5	4.04e-8	1.95e-8
55533.5	5.64e-8	2.41e-8
55536.5	4.52e-8	2.19e-8
55539.5	6.37e-8	2.57e-8
55542.5	2.62e-8	1.80e-8
55545.5	5.60e-8	2.25e-8
55548.5	3.16e-8	1.72e-8
55551.5	3.99e-8	2.13e-8
55554.5	2.70e-8	1.80e-8
55557.5	3.05e-8	1.84e-8
55560.5	4.84e-8	1.77e-8
55563.5	2.79e-8	1.31e-8
55566.5	6.39e-8	2.06e-8
55569.5	< 5.22e-8	-
55572.5	< 3.83e-8	-
55575.5	3.15e-8	1.79e-8
55578.5	< 6.85e-8	-
55581.5	< 5.25e-8	-
55584.5	1.80e-8	1.44e-8
55587.5	5.47e-8	2.24e-8
55590.5	3.23e-8	1.86e-8
55592.5	6.98e-8	2.75e-8
55595.5	7.15e-8	2.66e-8
55598.5	1.75e-8	1.46e-8
55601.5	7.30e-8	2.55e-8
55604.5	4.52e-8	2.07e-8
55607.5	3.42e-8	1.94e-8
55610.5	4.41e-8	2.27e-8
55613.5	4.86e-8	2.01e-8
55616.5	3.92e-8	2.05e-8
55619.5	3.22e-8	1.74e-8
55625.5	8.61e-8	2.60e-8
55628.5	< 4.64e-8	-
55631.5	3.43e-8	2.08e-8
55634.5	4.03e-8	2.21e-8
55637.5	5.38e-8	2.45e-8
55640.5	3.88e-8	2.05e-8
55643.5	5.56e-8	2.23e-8
55646.5	5.82e-8	2.22e-8
55649.5	4.62e-8	1.98e-8
55652.5	5.76e-8	2.33e-8
55654.5	3.91e-8	1.67e-8
55657.5	1.37e-8	1.22e-8
55660.5	4.63e-8	2.02e-8
55663.5	1.58e-8	1.36e-8
55666.5	< 2.15e-7	-
55669.5	2.14e-8	1.49e-8
55672.5	3.20e-8	1.87e-8
55675.5	5.96e-8	2.18e-8
55678.5	1.72e-8	1.40e-8
55681.5	< 4.87e-8	-
55684.5	5.34e-8	2.26e-8
55687.5	4.30e-8	2.12e-8
55690.5	< 6.69e-8	-
55693.5	1.85e-8	1.40e-8
55696.5	3.76e-8	1.89e-8
55699.5	2.20e-8	1.45e-8
55702.5	< 5.26e-8	-
55705.5	< 5.06e-8	-
55708.5	5.36e-8	2.29e-8
55711.5	1.98e-8	1.43e-8
55714.5	4.38e-8	1.93e-8
55717.5	< 3.93e-8	-
55720.5	4.49e-8	2.01e-8
55723.5	4.53e-8	1.88e-8
55726.5	< 6.06e-8	-
55729.5	5.04e-8	2.01e-8
55732.5	5.94e-8	2.35e-8
55735.5	2.44e-8	1.62e-8
55738.5	2.82e-8	1.74e-8
55741.5	5.93e-8	2.55e-8
55744.5	4.14e-8	2.05e-8
55747.5	4.26e-8	2.20e-8
55750.5	2.64e-8	1.69e-8
55753.5	4.83e-8	2.18e-8
55756.5	2.11e-8	1.33e-8
55759.5	1.01e-7	3.00e-8
55762.5	4.81e-8	2.21e-8
55765.5	4.53e-8	2.34e-8
55768.5	< 5.22e-8	-
55771.5	4.32e-8	2.26e-8
55774.5	4.67e-8	1.96e-8
55777.5	< 2.45e-8	-
55780.5	1.90e-8	1.28e-8
55783.5	3.08e-8	1.72e-8
55786.5	2.96e-8	1.97e-8
55789.5	5.57e-8	2.50e-8
55792.5	< 5.75e-8	-
55795.5	3.87e-8	1.98e-8
55798.5	3.47e-8	2.20e-8
55801.5	< 4.34e-8	-
55804.5	< 6.30e-8	-
55806.5	< 4.75e-8	-
55809.5	4.57e-8	2.60e-8
55812.5	7.16e-8	2.68e-8
55815.5	2.34e-8	1.80e-8
55818.5	< 4.86e-8	-
55821.5	6.87e-8	2.47e-8
55824.5	< 4.89e-8	-
55827.5	6.60e-8	2.30e-8
55830.5	1.74e-8	1.41e-8
55833.5	2.67e-8	1.44e-8
55837.5	3.65e-8	1.88e-8
55840.5	9.10e-8	2.82e-8
55843.5	6.26e-8	2.64e-8
55846.5	2.58e-8	1.86e-8
55849.5	3.56e-8	1.82e-8
55852.5	3.31e-8	2.26e-8
55855.5	5.33e-8	2.40e-8
55858.5	8.22e-8	2.77e-8
55861.5	2.81e-8	1.81e-8
55864.5	5.04e-8	2.29e-8
55866.5	4.43e-8	2.15e-8
55869.5	5.21e-8	2.42e-8
55872.5	7.22e-8	2.66e-8
55875.5	7.13e-8	2.54e-8
55878.5	7.91e-8	2.59e-8
55881.5	2.87e-8	1.54e-8
55884.5	6.99e-8	2.29e-8
55887.5	< 4.22e-8	-
55890.5	2.09e-8	1.29e-8
55893.5	6.32e-8	2.34e-8
55897.5	4.10e-8	1.81e-8
55900.5	1.75e-8	1.44e-8
55903.5	3.06e-8	1.90e-8
55906.5	3.08e-8	1.87e-8
55909.5	3.53e-8	1.89e-8
55912.5	5.09e-8	2.40e-8
55915.5	4.97e-8	2.54e-8
55918.5	4.37e-8	2.22e-8
55921.5	3.99e-8	2.06e-8
55924.5	6.82e-8	2.43e-8
55927.5	7.45e-8	2.45e-8
55929.5	3.83e-8	1.78e-8
55932.5	1.90e-8	1.19e-8
55935.5	4.76e-8	1.87e-8
55938.5	3.81e-8	1.65e-8
55941.5	3.30e-8	1.74e-8
55944.5	6.20e-8	2.21e-8
55947.5	4.11e-8	1.81e-8
55950.5	3.84e-8	1.78e-8
55953.5	3.54e-8	1.85e-8
55956.5	4.40e-8	2.23e-8
55958.5	6.77e-8	2.40e-8
55961.5	2.17e-8	1.42e-8
55964.5	4.49e-8	1.93e-8
55967.5	3.07e-8	1.65e-8
55970.5	3.57e-8	1.85e-8
55973.5	2.21e-8	1.54e-8
55976.5	1.65e-8	1.41e-8
55979.5	4.48e-8	2.15e-8
55982.5	4.22e-8	1.89e-8
55985.5	3.43e-8	1.55e-8
55990.5	5.23e-8	1.92e-8
55993.5	4.07e-8	1.79e-8
55996.5	4.30e-8	2.36e-8
55999.5	4.26e-8	1.76e-8
56002.5	4.90e-8	2.14e-8
56005.5	5.33e-8	2.18e-8
56008.5	< 3.55e-8	-
56011.5	8.41e-8	2.94e-8
56014.5	3.57e-8	1.97e-8
56017.5	7.09e-8	2.48e-8
56019.5	4.42e-8	2.10e-8
56022.5	3.80e-8	1.88e-8
56025.5	3.14e-8	1.76e-8
56028.5	5.02e-8	2.13e-8
56031.5	4.54e-8	1.92e-8
56034.5	4.79e-8	4.17e-8
56037.5	6.24e-8	2.19e-8
56040.5	5.22e-8	1.85e-8
56043.5	4.25e-8	2.26e-8
56046.5	5.29e-8	2.14e-8
56050.5	2.25e-8	1.67e-8
56053.5	4.05e-8	1.87e-8
56056.5	6.98e-8	2.54e-8
56059.5	4.97e-8	2.13e-8
56062.5	6.04e-8	2.36e-8
56065.5	4.49e-8	2.34e-8
56068.5	4.85e-8	2.31e-8
56071.5	5.78e-8	2.27e-8
56074.5	4.95e-8	2.19e-8
56077.5	1.04e-7	3.06e-8
56079.5	6.53e-8	2.54e-8
56082.5	6.91e-8	2.61e-8
56085.5	3.81e-8	1.83e-8
56088.5	6.06e-8	2.38e-8
56091.5	2.39e-8	1.38e-8
56094.5	< 5.29e-8	-
56097.5	3.52e-8	1.66e-8
56100.5	5.27e-8	2.29e-8
56103.5	2.04e-8	1.24e-8
56106.5	6.49e-8	2.43e-8
56110.5	4.25e-8	1.95e-8
56113.5	< 7.76e-8	-
56116.5	9.26e-8	3.87e-8
56119.5	7.41e-8	2.86e-8
56122.5	2.35e-8	1.63e-8
56125.5	7.18e-8	2.77e-8
56128.5	5.50e-8	2.24e-8
56131.5	5.10e-8	2.30e-8
56134.5	4.84e-8	2.37e-8
56137.5	9.66e-8	2.99e-8
56140.5	5.91e-8	2.29e-8
56142.5	2.90e-8	1.56e-8
56145.5	6.17e-8	2.22e-8
56148.5	5.77e-8	2.19e-8
56151.5	7.55e-8	2.46e-8
56154.5	4.23e-8	1.95e-8
56157.5	6.08e-8	2.39e-8
56160.5	3.81e-8	2.12e-8
56163.5	7.76e-8	2.79e-8
56166.5	4.87e-8	2.38e-8
56169.5	1.06e-7	3.08e-8
56171.5	5.95e-8	2.24e-8
56174.5	2.64e-8	1.70e-8
56177.5	6.19e-8	2.53e-8
56180.5	8.34e-8	2.65e-8
56183.5	5.85e-8	2.38e-8
56186.5	1.49e-7	3.50e-8
56189.5	6.23e-8	2.18e-8
56192.5	8.33e-8	3.28e-8
56202.5	7.88e-8	2.57e-8
56205.5	8.46e-8	2.81e-8
56208.5	5.56e-8	2.44e-8
56211.5	4.86e-8	2.25e-8
56214.5	7.54e-8	2.94e-8
56217.5	3.82e-8	1.98e-8
56220.5	6.38e-8	2.46e-8
56223.5	5.40e-8	2.26e-8
56226.5	4.04e-8	2.15e-8
56229.5	7.57e-8	2.55e-8
56231.5	< 4.05e-8	-
56234.5	5.34e-8	2.38e-8
56237.5	4.76e-8	2.48e-8
56240.5	4.84e-8	2.07e-8
56243.5	6.16e-8	2.60e-8
56246.5	5.68e-8	2.31e-8
56249.5	4.40e-8	2.06e-8
56252.5	4.40e-8	2.26e-8
56255.5	3.28e-8	1.77e-8
56258.5	6.13e-8	2.40e-8
56262.5	3.15e-8	1.95e-8
56265.5	2.17e-8	1.44e-8
56268.5	4.97e-8	2.40e-8
56271.5	8.10e-8	2.47e-8
56274.5	7.13e-8	2.54e-8
56277.5	5.30e-8	2.33e-8
56280.5	< 4.41e-8	-
56283.5	9.63e-8	2.89e-8
56286.5	6.23e-8	2.33e-8
56289.5	3.84e-8	2.00e-8
56292.5	3.53e-8	1.86e-8
56294.5	9.98e-8	2.94e-8
56297.5	2.93e-8	1.52e-8
56300.5	4.98e-8	1.99e-8
56303.5	< 3.37e-8	-
56306.5	5.62e-8	1.98e-8
56309.5	4.91e-8	1.87e-8
56312.5	2.20e-8	1.30e-8
56315.5	5.06e-8	1.97e-8
56318.5	3.89e-8	1.99e-8
56321.5	6.85e-8	2.53e-8
56324.5	2.39e-8	1.31e-8
56327.5	5.48e-8	2.35e-8
56330.5	4.01e-8	1.98e-8
56333.5	4.92e-8	1.92e-8
56336.5	5.05e-8	2.16e-8
56339.5	2.78e-8	1.82e-8
56342.5	7.32e-8	2.74e-8
56345.5	5.90e-8	2.19e-8
56348.5	2.76e-8	1.74e-8
56353.5	6.03e-8	2.27e-8
56356.5	< 7.93e-8	-
56359.5	< 1.47e-7	-
56362.5	6.29e-8	2.07e-8
56365.5	5.12e-8	1.98e-8
56368.5	3.87e-8	2.01e-8
56371.5	5.10e-8	2.04e-8
56374.5	2.22e-8	1.55e-8
56377.5	4.72e-8	2.11e-8
56380.5	1.41e-8	1.31e-8
56383.5	3.67e-8	2.10e-8
56386.5	6.12e-8	2.30e-8
56389.5	8.41e-8	2.91e-8
56392.5	4.43e-8	2.09e-8
56395.5	7.06e-8	2.38e-8
56398.5	2.28e-8	1.46e-8
56401.5	3.97e-8	2.16e-8
56404.5	1.09e-7	3.04e-8
56407.5	3.06e-8	1.74e-8
56410.5	< 5.75e-8	-
56413.5	3.71e-8	1.85e-8
56416.5	4.19e-8	2.07e-8
56419.5	2.26e-8	1.66e-8
56422.5	3.83e-8	1.80e-8
56425.5	3.82e-8	1.88e-8
56428.5	2.57e-8	1.44e-8
56431.5	2.80e-8	1.20e-8
56434.5	1.96e-8	1.39e-8
56437.5	4.85e-8	2.40e-8
56440.5	1.08e-7	3.29e-8
56443.5	2.42e-8	1.74e-8
56445.5	3.45e-8	1.85e-8
56448.5	2.99e-8	1.93e-8
56451.5	5.25e-8	2.29e-8
56454.5	2.01e-8	1.42e-8
56457.5	3.51e-8	2.14e-8
56460.5	3.25e-8	1.57e-8
56463.5	4.48e-8	2.12e-8
56466.5	3.73e-8	1.68e-8
56469.5	4.57e-8	1.99e-8
56472.5	< 5.25e-8	-
56476.5	2.51e-8	1.50e-8
56479.5	2.00e-8	1.57e-8
56482.5	6.37e-8	2.27e-8
56485.5	1.92e-8	1.46e-8
56488.5	6.44e-8	2.29e-8
56491.5	5.62e-8	2.29e-8
56494.5	6.52e-8	2.35e-8
56497.5	2.12e-8	1.60e-8
56500.5	< 5.31e-8	-
56503.5	2.64e-8	1.66e-8
56505.5	3.15e-8	1.94e-8
56508.5	3.82e-8	2.46e-8
56511.5	5.10e-8	2.11e-8
56514.5	6.34e-8	2.67e-8
56517.5	3.36e-8	1.61e-8
56520.5	3.84e-8	1.94e-8
56523.5	5.81e-8	2.01e-8
56526.5	5.90e-8	2.45e-8
56529.5	4.84e-8	1.96e-8
56532.5	3.10e-8	1.93e-8
56535.5	2.19e-8	1.56e-8
56538.5	1.85e-8	1.58e-8
56541.5	1.92e-8	1.63e-8
56544.5	4.64e-8	2.34e-8
56547.5	4.69e-8	2.02e-8
56550.5	< 5.31e-8	-
56553.5	2.04e-8	1.37e-8
56556.5	4.30e-8	1.99e-8
56559.5	1.91e-8	1.33e-8
56562.5	4.00e-8	1.85e-8
56565.5	< 3.73e-8	-
56568.5	4.86e-8	2.00e-8
56571.5	3.15e-8	1.79e-8
56574.5	2.65e-8	1.66e-8
56577.5	4.11e-8	1.77e-8
56580.5	< 3.54e-8	-
56583.5	4.31e-8	2.61e-8
56586.5	< 7.68e-8	-
56589.5	2.86e-8	1.71e-8
56592.5	3.80e-8	1.27e-8
56595.5	5.88e-8	1.89e-8
56598.5	< 7.06e-8	-
56601.5	4.06e-8	2.00e-8
56604.5	3.46e-8	1.89e-8
56607.5	5.02e-8	2.56e-8
56610.5	5.64e-8	2.44e-8
56613.5	6.75e-8	2.73e-8
56616.5	2.41e-8	1.59e-8
56619.5	2.82e-8	1.71e-8
56622.5	2.80e-8	1.74e-8
56625.5	< 5.18e-8	-
56628.5	4.90e-8	2.06e-8
56631.5	7.02e-8	2.03e-8
56634.5	2.91e-8	1.62e-8
56637.5	2.59e-8	1.28e-8
56640.5	5.49e-8	2.32e-8
56643.5	< 7.66e-8	-
56646.5	4.32e-8	1.58e-8
56649.5	4.00e-8	1.60e-8
56652.5	6.49e-8	1.92e-8
56655.5	2.82e-8	1.44e-8
56657.5	4.38e-8	1.34e-8
56660.5	5.56e-8	1.50e-8
56663.5	3.46e-8	1.24e-8
56666.5	3.94e-8	1.19e-8
56669.5	3.70e-8	1.10e-8
56672.5	4.52e-8	1.16e-8
56675.5	3.61e-8	1.08e-8
56678.5	2.96e-8	1.19e-8
56681.5	< 6.20e-8	-
56684.5	5.89e-8	2.82e-8
56687.5	4.29e-8	2.33e-8
56690.5	3.48e-8	1.69e-8
56693.5	4.90e-8	1.59e-8
56696.5	5.74e-8	1.67e-8
56699.5	3.54e-8	1.51e-8
56702.5	3.87e-8	1.53e-8
56705.5	4.32e-8	1.75e-8
56708.5	5.92e-8	1.72e-8
56711.5	3.29e-8	1.26e-8
56714.5	< 3.94e-7	-
56719.5	7.01e-8	1.58e-8
56722.5	5.46e-8	1.37e-8
56725.5	6.12e-8	1.42e-8
56728.5	2.83e-8	1.21e-8
56731.5	3.58e-8	1.44e-8
56734.5	3.81e-8	1.20e-8
56737.5	5.43e-8	1.60e-8
56740.5	5.55e-8	1.61e-8
56743.5	3.26e-8	1.24e-8
56746.5	4.57e-8	1.61e-8
56749.5	5.45e-8	1.65e-8
56752.5	5.77e-8	1.72e-8
56755.5	7.45e-8	2.21e-8
56758.5	3.54e-8	1.55e-8
56761.5	5.16e-8	1.70e-8
56764.5	5.07e-8	1.60e-8
56767.5	5.16e-8	1.52e-8
56770.5	2.86e-8	1.06e-8
56773.5	3.69e-8	1.87e-8
56776.5	8.87e-8	2.71e-8
56779.5	7.47e-8	2.53e-8
56782.5	5.72e-8	2.30e-8
56785.5	3.79e-8	1.90e-8
56788.5	8.89e-8	2.73e-8
56791.5	2.50e-8	1.48e-8
56794.5	4.14e-8	1.72e-8
56797.5	5.53e-8	2.22e-8
56800.5	2.54e-8	1.68e-8
56803.5	4.73e-8	2.04e-8
56806.5	4.52e-8	2.26e-8
56809.5	4.45e-8	3.15e-8
56812.5	1.50e-7	9.60e-8
56815.5	8.16e-8	4.88e-8
56818.5	1.66e-7	6.30e-8
56821.5	5.50e-8	3.61e-8
56824.5	9.35e-8	5.29e-8
56827.5	< 7.32e-8	-
56830.5	4.30e-8	2.02e-8
56833.5	7.85e-8	3.17e-8
56836.5	1.17e-8	1.13e-8
56839.5	< 7.21e-8	-
56842.5	3.04e-8	1.54e-8
56845.5	< 5.17e-8	-
56848.5	6.44e-8	2.04e-8
56851.5	6.74e-8	1.74e-8
56854.5	3.94e-8	1.49e-8
56857.5	5.46e-8	1.77e-8
56860.5	1.78e-8	1.04e-8
56863.5	3.46e-8	1.77e-8
56866.5	2.90e-8	1.39e-8
56869.5	8.28e-8	2.17e-8
56872.5	3.92e-8	1.42e-8
56875.5	4.33e-8	1.26e-8
56878.5	3.74e-8	1.27e-8
56881.5	5.83e-8	1.33e-8
56884.5	4.65e-8	1.19e-8
56890.5	3.09e-8	1.71e-8
56893.5	2.16e-8	1.25e-8
56896.5	4.83e-8	1.45e-8
56899.5	2.88e-8	1.16e-8
56901.5	4.51e-8	1.55e-8
56904.5	5.07e-8	1.58e-8
56907.5	7.91e-8	1.95e-8
56910.5	6.59e-8	1.86e-8
56913.5	6.52e-8	2.03e-8
56916.5	5.12e-8	1.82e-8
56919.5	4.80e-8	1.86e-8
56922.5	4.60e-8	1.40e-8
56925.5	7.37e-8	1.77e-8
56928.5	4.84e-8	1.46e-8
56931.5	4.57e-8	1.27e-8
56934.5	5.85e-8	1.33e-8
56937.5	5.14e-8	1.24e-8
56940.5	4.27e-8	1.16e-8
56943.5	5.51e-8	1.33e-8
56946.5	4.83e-8	1.39e-8
56949.5	4.61e-8	1.44e-8
56952.5	4.21e-8	1.39e-8
56955.5	7.42e-8	1.84e-8
56958.5	7.30e-8	1.93e-8
56961.5	5.64e-8	1.87e-8
56964.5	6.45e-8	1.91e-8
56967.5	5.08e-8	1.74e-8
56970.5	5.85e-8	1.94e-8
56973.5	3.34e-8	1.53e-8
56976.5	5.07e-8	1.53e-8
56979.5	5.94e-8	1.55e-8
56982.5	8.68e-8	1.72e-8
56985.5	6.06e-8	1.45e-8
56988.5	7.14e-8	1.39e-8
56991.5	1.08e-7	1.69e-8
56994.5	6.27e-8	1.65e-8
56997.5	6.61e-8	2.64e-8
57000.5	7.53e-8	2.78e-8
57003.5	1.33e-7	3.00e-8
57006.5	1.25e-7	2.87e-8
57009.5	6.58e-8	2.31e-8
57012.5	1.17e-7	2.98e-8
57015.5	1.22e-7	2.96e-8
57018.5	8.12e-8	2.64e-8
57021.5	1.16e-7	2.97e-8
57024.5	9.62e-8	2.88e-8
57027.5	7.40e-8	2.36e-8
57030.5	9.55e-8	2.78e-8
57033.5	5.57e-8	2.66e-8
57036.5	1.84e-8	1.39e-8
57039.5	9.50e-8	2.56e-8
57042.5	7.20e-8	2.49e-8
57045.5	8.37e-8	2.36e-8
57048.5	4.50e-8	1.91e-8
57051.5	9.08e-8	2.42e-8
57053.5	4.51e-8	2.00e-8
57056.5	7.42e-8	2.20e-8
57059.5	6.10e-8	2.10e-8
57062.5	1.13e-7	2.98e-8
57065.5	3.43e-8	1.75e-8
57068.5	8.07e-8	2.53e-8
57071.5	3.18e-8	1.61e-8
57074.5	< 4.95e-8	-
57077.5	7.87e-8	2.42e-8
57080.5	7.94e-8	2.73e-8
57086.5	7.93e-8	2.56e-8
57089.5	8.21e-8	2.59e-8
57092.5	5.76e-8	2.16e-8
57095.5	3.83e-8	1.97e-8
57098.5	8.50e-8	2.42e-8
57101.5	5.07e-8	1.73e-8
57104.5	8.01e-8	1.80e-8
57107.5	6.91e-8	1.69e-8
57110.5	1.09e-7	2.22e-8
57113.5	1.11e-7	2.30e-8
57115.5	4.16e-8	1.47e-8
57118.5	7.05e-8	2.18e-8
57121.5	3.97e-8	2.18e-8
57124.5	2.39e-8	1.65e-8
57127.5	4.28e-8	2.08e-8
57130.5	5.70e-8	2.50e-8
57133.5	3.53e-8	2.02e-8
57136.5	7.49e-8	2.48e-8
57139.5	9.64e-8	2.89e-8
57142.5	1.09e-7	3.26e-8
57145.5	6.50e-8	2.58e-8
57148.5	7.61e-8	2.72e-8
57151.5	< 5.69e-8	-
57154.5	3.10e-8	1.91e-8
57157.5	8.34e-8	2.63e-8
57160.5	4.59e-8	1.94e-8
57163.5	3.47e-8	1.85e-8
57166.5	8.49e-8	2.64e-8
57169.5	6.78e-8	2.46e-8
57172.5	< 5.06e-8	-
57175.5	5.59e-8	2.23e-8
57178.5	5.82e-8	2.38e-8
57181.5	3.64e-8	1.87e-8
57184.5	8.74e-8	2.92e-8
57187.5	2.42e-8	1.58e-8
57190.5	8.90e-8	2.46e-8
57193.5	5.49e-8	2.20e-8
57196.5	4.10e-8	1.86e-8
57199.5	5.68e-8	2.30e-8
57202.5	4.00e-8	2.08e-8
57205.5	5.77e-8	2.66e-8
57208.5	3.03e-8	1.84e-8
57214.5	1.55e-8	1.35e-8
57217.5	4.37e-8	2.34e-8
57220.5	6.27e-8	2.10e-8
57223.5	4.93e-8	2.08e-8
57226.5	4.94e-8	2.37e-8
57229.5	5.76e-8	2.50e-8
57232.5	7.96e-8	2.67e-8
57235.5	2.98e-8	1.94e-8
57238.5	6.16e-8	2.82e-8
57241.5	6.11e-8	2.24e-8
57244.5	3.70e-8	2.16e-8
57247.5	6.23e-8	2.64e-8
57250.5	3.36e-8	2.00e-8
57253.5	8.96e-8	3.01e-8
57256.5	8.88e-8	2.59e-8
57259.5	5.91e-8	2.30e-8
57262.5	3.23e-8	1.71e-8
57265.5	5.43e-8	2.37e-8
57267.5	3.63e-8	1.78e-8
57270.5	3.23e-8	1.71e-8
57273.5	2.13e-8	1.52e-8
57276.5	2.99e-8	1.92e-8
57279.5	5.29e-8	2.60e-8
57282.5	3.86e-8	1.98e-8
57285.5	5.55e-8	2.17e-8
57288.5	4.05e-8	2.01e-8
57291.5	9.67e-8	2.90e-8
57294.5	7.77e-8	2.61e-8
57298.5	4.41e-8	1.97e-8
57301.5	2.64e-8	1.91e-8
57304.5	< 5.81e-8	-
57307.5	2.80e-8	1.61e-8
57310.5	4.36e-8	1.88e-8
57313.5	4.97e-8	2.17e-8
57316.5	1.93e-8	1.28e-8
57319.5	5.97e-8	2.42e-8
57322.5	3.01e-8	1.81e-8
57325.5	2.03e-8	1.50e-8
57327.5	3.69e-8	1.87e-8
57330.5	3.55e-8	1.99e-8
57333.5	5.28e-8	2.38e-8
57336.5	7.08e-8	2.67e-8
57339.5	8.52e-8	2.88e-8
57342.5	< 4.53e-8	-
57345.5	1.19e-7	3.17e-8
57348.5	4.88e-8	2.24e-8
57351.5	7.55e-8	2.71e-8
57354.5	3.86e-8	2.02e-8
57358.5	< 6.72e-8	-
57361.5	3.12e-8	1.72e-8
57364.5	3.40e-8	1.88e-8
57367.5	5.92e-8	2.40e-8
57370.5	5.19e-8	2.07e-8
57373.5	3.19e-8	1.67e-8
57376.5	4.48e-8	1.94e-8
57379.5	7.13e-8	2.31e-8
57382.5	< 3.72e-8	-
57385.5	6.38e-8	2.10e-8
57388.5	3.69e-8	1.73e-8
57390.5	2.33e-8	1.48e-8
57393.5	< 4.95e-8	-
57396.5	7.82e-8	2.75e-8
57399.5	4.47e-8	2.38e-8
57402.5	8.28e-9	8.30e-9
57405.5	4.13e-8	2.04e-8
57408.5	2.07e-8	1.33e-8
57411.5	3.80e-8	1.83e-8
57414.5	2.47e-8	1.74e-8
57417.5	7.20e-9	7.17e-9
57419.5	5.24e-8	1.87e-8
57422.5	1.69e-8	1.27e-8
57425.5	2.71e-8	1.46e-8
57428.5	3.17e-8	1.57e-8
57431.5	4.43e-8	1.89e-8
57434.5	3.76e-8	1.71e-8
57437.5	2.07e-8	1.51e-8
57440.5	2.83e-8	1.60e-8
57443.5	1.78e-8	1.14e-8
57446.5	6.30e-8	2.58e-8
57451.5	2.59e-8	1.37e-8
57454.5	3.03e-8	1.70e-8
57457.5	3.97e-8	1.89e-8
57460.5	5.07e-8	2.25e-8
57463.5	3.90e-8	1.92e-8
57466.5	3.96e-8	1.88e-8
57469.5	2.71e-8	1.54e-8
57472.5	3.62e-8	1.70e-8
57475.5	3.07e-8	1.68e-8
57478.5	2.98e-8	1.55e-8
57480.5	2.98e-8	1.67e-8
57483.5	5.25e-8	2.10e-8
57486.5	< 7.13e-8	-
57489.5	4.17e-8	2.07e-8
57492.5	2.16e-8	1.63e-8
57495.5	1.44e-8	1.41e-8
57498.5	6.56e-8	2.62e-8
57501.5	6.22e-8	2.54e-8
57504.5	4.03e-8	2.09e-8
57507.5	1.09e-7	3.27e-8
57511.5	2.37e-8	1.72e-8
57514.5	< 5.11e-8	-
57517.5	1.11e-7	3.18e-8
57520.5	5.59e-8	2.80e-8
57523.5	6.55e-8	2.34e-8
57526.5	5.90e-8	2.47e-8
57529.5	6.81e-8	2.66e-8
57532.5	9.65e-8	2.83e-8
57535.5	8.40e-8	2.62e-8
57538.5	7.72e-8	2.63e-8
57540.5	4.08e-8	2.02e-8
57543.5	6.12e-8	2.36e-8
57546.5	7.23e-8	2.42e-8
57549.5	6.09e-8	2.52e-8
57552.5	7.41e-8	2.49e-8
57555.5	3.13e-8	1.64e-8
57558.5	8.44e-8	1.97e-8
57561.5	5.09e-8	1.74e-8
57564.5	6.31e-8	3.03e-8
57567.5	5.61e-8	2.31e-8
57571.5	6.99e-8	2.72e-8
57574.5	4.40e-8	2.42e-8
57577.5	5.85e-8	2.51e-8
57580.5	3.25e-8	1.85e-8
57583.5	6.00e-8	2.08e-8
57586.5	4.18e-8	1.83e-8
57589.5	3.43e-8	1.59e-8
57592.5	7.78e-8	1.80e-8
57595.5	6.55e-8	2.50e-8
57598.5	3.18e-8	1.99e-8
57601.5	6.65e-8	2.52e-8
57603.5	< 3.27e-7	-
57609.5	4.48e-8	2.61e-8
57612.5	4.09e-8	2.02e-8
57615.5	6.90e-8	2.62e-8
57618.5	< 7.79e-8	-
57621.5	5.96e-8	2.29e-8
57624.5	8.40e-8	2.62e-8
57627.5	4.78e-8	2.24e-8
57630.5	7.30e-8	2.28e-8
57632.5	6.32e-8	2.19e-8
57635.5	5.10e-8	2.21e-8
57638.5	5.62e-8	2.32e-8
57641.5	4.98e-8	2.13e-8
57644.5	3.70e-8	1.80e-8
57647.5	5.07e-8	2.67e-8
57650.5	4.29e-8	2.02e-8
57653.5	3.17e-8	1.97e-8
57656.5	6.51e-8	2.40e-8
57659.5	3.20e-8	1.40e-8
57663.5	1.95e-8	1.25e-8
57666.5	4.58e-8	2.39e-8
57669.5	5.23e-8	2.90e-8
57672.5	2.91e-8	1.75e-8
57675.5	1.00e-7	2.99e-8
57678.5	3.92e-8	2.12e-8
57681.5	5.95e-8	2.34e-8
57684.5	9.24e-8	2.82e-8
57687.5	2.86e-8	1.31e-8
57690.5	7.27e-8	1.77e-8
57692.5	4.73e-8	1.47e-8
57695.5	3.86e-8	1.48e-8
57698.5	5.03e-8	1.63e-8
57701.5	5.36e-8	1.92e-8
57704.5	5.94e-8	1.76e-8
57707.5	1.07e-7	2.70e-8
57710.5	7.67e-8	2.85e-8
57713.5	9.88e-8	2.86e-8
57716.5	7.62e-8	2.80e-8
57719.5	5.44e-8	2.44e-8
57723.5	1.05e-7	3.03e-8
57726.5	1.77e-7	3.70e-8
57729.5	7.73e-8	2.66e-8
57732.5	1.08e-7	3.09e-8
57735.5	1.05e-7	3.41e-8
57738.5	7.78e-8	3.21e-8
57741.5	1.03e-7	3.62e-8
57744.5	7.41e-8	2.56e-8
57747.5	4.53e-8	2.09e-8
57750.5	5.19e-8	2.16e-8
57753.5	3.35e-8	2.29e-8
57755.5	7.97e-8	2.65e-8
57758.5	7.54e-8	2.73e-8
57761.5	2.68e-8	1.95e-8
57764.5	4.91e-8	2.01e-8
57767.5	1.01e-7	3.43e-8
57770.5	1.20e-7	3.21e-8
57773.5	1.65e-7	3.70e-8
57776.5	3.42e-8	2.09e-8
57779.5	4.88e-8	2.21e-8
57782.5	6.74e-8	2.60e-8
57785.5	1.11e-7	2.92e-8
57788.5	1.33e-8	1.10e-8
57791.5	4.74e-8	2.10e-8
57794.5	4.93e-8	1.96e-8
57797.5	3.71e-8	1.72e-8
57800.5	8.23e-8	2.77e-8
57803.5	4.38e-8	1.98e-8
57806.5	5.21e-8	2.32e-8
57809.5	1.19e-7	3.15e-8
57814.5	2.60e-8	1.81e-8
57817.5	< 6.24e-8	-
57820.5	6.96e-8	2.45e-8
57823.5	7.81e-8	2.63e-8
57826.5	7.91e-8	2.54e-8
57829.5	4.91e-8	2.09e-8
57832.5	6.25e-8	2.51e-8
57835.5	5.21e-8	2.21e-8
57838.5	3.08e-8	1.85e-8
57841.5	8.57e-8	2.52e-8
57844.5	< 4.42e-8	-
57847.5	5.45e-8	1.84e-8
57850.5	< 5.03e-8	-
57853.5	7.31e-8	2.19e-8
57856.5	9.74e-8	2.75e-8
57859.5	5.71e-8	2.44e-8
57862.5	3.30e-8	1.81e-8
57865.5	6.17e-8	2.44e-8
57868.5	2.68e-8	1.81e-8
57871.5	6.49e-8	2.56e-8
57874.5	6.02e-8	2.43e-8
57877.5	4.07e-8	2.34e-8
57880.5	5.22e-8	2.44e-8
57883.5	3.99e-8	2.04e-8
57886.5	6.45e-8	2.46e-8
57889.5	5.31e-8	2.28e-8
57892.5	4.28e-8	2.02e-8
57895.5	7.08e-8	2.39e-8
57898.5	4.66e-8	2.05e-8
57901.5	4.64e-8	2.04e-8
57904.5	3.97e-8	2.12e-8
57906.5	7.00e-8	2.38e-8
57909.5	8.86e-8	2.83e-8
57912.5	1.22e-7	3.73e-8
57915.5	4.55e-8	2.28e-8
57918.5	4.80e-8	2.12e-8
57921.5	6.96e-8	2.52e-8
57924.5	5.42e-8	2.49e-8
57927.5	4.60e-8	2.20e-8
57930.5	8.03e-8	2.70e-8
57933.5	5.21e-8	1.95e-8
57937.5	5.91e-8	2.11e-8
57940.5	7.24e-8	2.61e-8
57943.5	1.01e-7	3.25e-8
57946.5	7.63e-8	2.79e-8
57949.5	6.20e-8	2.32e-8
57952.5	5.27e-8	2.00e-8
57955.5	2.70e-8	1.58e-8
57958.5	5.15e-8	2.00e-8
57961.5	8.36e-8	2.85e-8
57964.5	1.07e-7	3.08e-8
57966.5	1.09e-7	3.03e-8
57969.5	6.00e-8	2.37e-8
57972.5	5.98e-8	2.40e-8
57975.5	8.45e-8	2.73e-8
57978.5	6.42e-8	2.39e-8
57981.5	5.61e-8	2.39e-8
57984.5	3.93e-8	2.04e-8
57987.5	5.06e-8	2.23e-8
57990.5	1.89e-8	1.37e-8
57993.5	4.52e-8	2.26e-8
57996.5	5.22e-8	2.24e-8
57999.5	5.00e-8	2.01e-8
58002.5	5.41e-8	2.57e-8
58005.5	7.01e-8	2.47e-8
58008.5	3.03e-8	1.48e-8
58011.5	6.54e-8	1.88e-8
58014.5	6.67e-8	1.94e-8
58017.5	4.14e-8	2.19e-8
58020.5	3.48e-8	1.79e-8
58023.5	8.42e-8	2.82e-8
58026.5	6.19e-8	2.48e-8
58029.5	2.56e-8	1.71e-8
58032.5	5.10e-8	2.46e-8
58035.5	5.06e-8	2.28e-8
58038.5	8.92e-8	2.77e-8
58041.5	1.57e-8	1.28e-8
58044.5	7.24e-8	2.56e-8
58047.5	4.45e-8	2.30e-8
58050.5	3.97e-8	1.92e-8
58053.5	6.67e-8	2.31e-8
58056.5	3.73e-8	1.88e-8
58059.5	4.79e-8	2.26e-8
58062.5	4.29e-8	2.08e-8
58065.5	4.36e-8	1.94e-8
58068.5	8.46e-8	2.74e-8
58071.5	4.69e-8	2.25e-8
58074.5	1.17e-7	3.36e-8
58077.5	6.50e-8	2.62e-8
58080.5	5.52e-8	2.37e-8
58083.5	< 6.61e-8	-
58086.5	9.71e-8	3.06e-8
58089.5	4.13e-8	2.11e-8
58092.5	2.71e-8	1.73e-8
58095.5	4.11e-8	2.34e-8
58098.5	3.99e-8	1.88e-8
58101.5	3.53e-8	2.20e-8
58104.5	5.28e-8	2.40e-8
58107.5	< 5.60e-8	-
58110.5	3.34e-8	1.78e-8
58113.5	9.17e-8	2.69e-8
58116.5	2.40e-8	1.31e-8
58118.5	3.99e-8	1.76e-8
58121.5	< 3.57e-8	-
58124.5	< 6.16e-8	-
58127.5	6.39e-8	2.63e-8
58130.5	2.36e-8	1.39e-8
58133.5	1.75e-8	1.61e-8
58136.5	< 1.22e-7	-
58139.5	5.45e-8	3.20e-8
58142.5	6.23e-8	2.27e-8
58145.5	8.88e-8	2.84e-8
58148.5	7.04e-8	3.29e-8
58151.5	7.37e-8	3.58e-8
58154.5	1.17e-8	1.17e-8
58157.5	4.61e-8	1.95e-8
58160.5	6.94e-8	2.29e-8
58163.5	7.31e-8	2.22e-8
58166.5	5.31e-8	2.00e-8
58169.5	6.01e-8	2.01e-8
58172.5	4.72e-8	2.03e-8
58175.5	3.85e-8	1.79e-8
58180.5	7.23e-8	2.45e-8
58183.5	6.05e-8	2.29e-8
58186.5	< 2.64e-8	-
58189.5	4.26e-8	2.39e-8
58192.5	7.56e-8	3.43e-8
58195.5	< 2.31e-7	-
58213.5	6.80e-8	2.76e-8
58216.5	4.08e-8	1.52e-8
58219.5	6.41e-8	1.84e-8
58222.5	7.99e-8	2.07e-8
58225.5	3.87e-8	1.77e-8
58228.5	5.96e-8	2.55e-8
58231.5	6.29e-8	3.95e-8
58234.5	< 2.69e-7	-
58240.5	4.46e-8	1.76e-8
58243.5	7.37e-8	1.80e-8
58246.5	2.31e-8	1.09e-8
58249.5	6.89e-8	1.77e-8
58252.5	4.40e-8	2.28e-8
58255.5	1.09e-7	6.24e-8
58258.5	5.50e-8	2.95e-8
58261.5	3.04e-8	1.84e-8
58264.5	9.74e-8	3.76e-8
58267.5	5.00e-8	3.31e-8
58270.5	4.00e-8	3.42e-8
58273.5	5.61e-8	3.55e-8
58276.5	6.17e-8	2.49e-8
58279.5	4.41e-8	2.09e-8
58282.5	< 6.96e-8	-
58285.5	3.25e-8	3.08e-8
58288.5	< 1.16e-7	-
58291.5	5.81e-8	1.78e-8
58294.5	6.46e-8	1.78e-8
58297.5	< 3.29e-7	-
58306.5	5.56e-8	2.00e-8
58309.5	3.97e-8	1.51e-8
58312.5	3.52e-8	1.49e-8
58315.5	< 4.67e-8	-
58318.5	8.39e-8	2.38e-8
58321.5	3.74e-8	1.73e-8
58324.5	6.34e-8	2.02e-8
58327.5	3.58e-8	1.71e-8
58330.5	3.89e-8	1.60e-8
58332.5	4.60e-8	1.97e-8
58335.5	7.18e-8	2.15e-8
58338.5	4.94e-8	1.63e-8
58341.5	4.08e-8	1.64e-8
58344.5	3.38e-8	1.36e-8
58353.5	7.07e-8	4.35e-8
58356.5	3.56e-8	1.44e-8
58359.5	9.27e-8	2.40e-8
58362.5	3.40e-8	1.60e-8
58365.5	3.74e-8	1.57e-8
58368.5	5.17e-8	1.83e-8
58371.5	5.80e-8	1.84e-8
58374.5	3.46e-8	2.21e-8
58377.5	4.66e-8	3.40e-8
58380.5	3.20e-8	2.73e-8
58383.5	6.99e-8	2.84e-8
58386.5	4.92e-8	2.03e-8
58389.5	6.04e-8	1.99e-8
58392.5	5.42e-8	1.74e-8
58395.5	4.28e-8	1.41e-8
58398.5	1.13e-7	4.11e-8
58410.5	< 3.04e-7	-
58413.5	3.08e-8	3.00e-8
58416.5	4.45e-8	2.04e-8
58419.5	7.01e-8	2.57e-8
58422.5	2.88e-8	1.99e-8
58425.5	2.84e-8	1.87e-8
58428.5	1.18e-7	3.94e-8
58431.5	9.88e-8	3.99e-8
58434.5	8.75e-8	3.09e-8
58437.5	7.65e-8	2.65e-8
58440.5	3.31e-8	1.73e-8
58443.5	8.66e-8	2.04e-8
58446.5	7.99e-8	1.98e-8
58449.5	4.74e-8	2.07e-8
58452.5	2.96e-8	1.69e-8
58455.5	5.34e-8	2.39e-8
58458.5	4.82e-8	2.17e-8
58461.5	< 6.18e-8	-
58464.5	5.68e-8	1.80e-8
58467.5	7.64e-8	2.12e-8
58470.5	8.18e-8	2.20e-8
58473.5	3.32e-8	1.58e-8
58476.5	7.14e-8	2.39e-8
58479.5	4.42e-8	1.93e-8
58482.5	6.74e-8	1.99e-8
58485.5	1.12e-7	2.55e-8
58488.5	1.19e-7	3.83e-8
58491.5	9.39e-8	2.60e-8
58494.5	5.76e-8	2.10e-8
58497.5	7.25e-8	2.42e-8
58500.5	8.37e-8	2.64e-8
58503.5	1.19e-7	3.22e-8
58506.5	1.15e-7	3.20e-8
58509.5	1.59e-7	3.10e-8
58512.5	1.03e-7	2.24e-8
58514.5	8.27e-8	2.06e-8
58517.5	6.50e-8	2.14e-8
58520.5	5.61e-8	1.78e-8
58523.5	8.87e-8	2.25e-8
58526.5	4.44e-8	1.90e-8
58529.5	5.35e-8	1.78e-8
58532.5	6.49e-8	1.94e-8
58535.5	8.44e-8	2.43e-8
58538.5	7.23e-8	2.34e-8
58541.5	1.24e-7	2.97e-8
58547.5	1.46e-7	3.40e-8
58550.5	9.11e-8	3.10e-8
58553.5	7.93e-8	2.70e-8
58556.5	6.43e-8	2.55e-8
58559.5	8.34e-8	2.78e-8
58562.5	1.14e-7	3.13e-8
58565.5	1.01e-7	2.99e-8
58568.5	1.18e-7	2.99e-8
58571.5	1.28e-7	3.39e-8
58574.5	8.74e-8	2.68e-8
58576.5	1.53e-7	3.10e-8
58579.5	9.02e-8	2.49e-8
58582.5	1.01e-7	2.67e-8
58585.5	1.47e-7	3.50e-8
58588.5	6.68e-8	2.71e-8
58591.5	1.13e-7	3.54e-8
58594.5	1.70e-7	4.20e-8
58597.5	6.85e-8	2.36e-8
58600.5	9.87e-8	2.82e-8
58603.5	5.36e-8	2.42e-8
58606.5	9.10e-8	2.89e-8
58609.5	7.12e-8	2.71e-8
58612.5	7.88e-8	2.71e-8
58615.5	6.84e-8	2.72e-8
58618.5	9.60e-8	2.86e-8
58621.5	5.53e-8	2.39e-8
58624.5	3.02e-8	1.75e-8
58627.5	6.20e-8	2.51e-8
58630.5	8.23e-8	2.59e-8
58633.5	3.57e-8	1.91e-8
58636.5	1.33e-7	4.34e-8
58639.5	< 9.64e-8	-
58642.5	7.07e-8	3.46e-8
58645.5	6.93e-8	3.11e-8
58648.5	5.68e-8	2.33e-8
58651.5	< 6.58e-8	-
58654.5	3.26e-8	1.89e-8
58657.5	7.28e-8	2.81e-8
58660.5	3.71e-8	2.05e-8
58663.5	2.70e-8	2.05e-8
58666.5	9.48e-8	2.99e-8
58669.5	6.77e-8	2.59e-8
58672.5	4.54e-8	2.23e-8
58675.5	7.39e-8	2.00e-8
58678.5	5.05e-8	1.74e-8
58681.5	8.02e-8	2.15e-8
58684.5	6.02e-8	2.16e-8
58687.5	5.14e-8	2.08e-8
58690.5	1.02e-7	2.70e-8
58693.5	4.90e-8	1.93e-8
58696.5	8.49e-8	2.89e-8
58699.5	6.81e-8	2.96e-8
58702.5	6.40e-8	2.37e-8
58705.5	7.66e-8	2.72e-8
58708.5	6.53e-8	2.62e-8
58711.5	6.92e-8	2.58e-8
58714.5	9.04e-9	9.17e-9
58717.5	9.09e-8	2.84e-8
58720.5	9.97e-8	2.89e-8
58723.5	5.70e-8	2.29e-8
58726.5	4.76e-8	1.78e-8
58728.5	9.41e-8	2.40e-8
58731.5	8.86e-8	2.20e-8
58734.5	8.72e-8	2.33e-8
58737.5	< 5.90e-8	-
58740.5	5.00e-8	2.21e-8
58743.5	6.39e-8	2.39e-8
58746.5	6.76e-8	2.45e-8
58749.5	3.76e-8	2.13e-8
58752.5	2.46e-8	1.24e-8
58755.5	5.30e-8	1.92e-8
58759.5	4.85e-8	1.91e-8
58762.5	3.51e-8	2.11e-8
58765.5	7.26e-8	2.69e-8
58768.5	2.21e-8	1.70e-8
58771.5	< 3.52e-8	-
58774.5	3.85e-8	1.95e-8
58777.5	5.16e-8	2.08e-8
58780.5	2.41e-8	1.54e-8
58783.5	3.69e-8	1.98e-8
58786.5	6.01e-8	2.38e-8
58788.5	5.65e-8	2.29e-8
58791.5	2.99e-8	1.66e-8
58794.5	6.49e-8	2.41e-8
58797.5	3.11e-8	1.84e-8
58800.5	4.21e-8	2.29e-8
58803.5	6.13e-8	2.59e-8
58806.5	9.59e-8	2.64e-8
58809.5	8.29e-8	2.45e-8
58812.5	4.70e-8	2.21e-8
58815.5	4.81e-8	2.39e-8
58818.5	3.78e-8	2.18e-8
58821.5	6.37e-8	2.67e-8
58824.5	4.93e-8	2.38e-8
58827.5	4.48e-8	2.21e-8
58830.5	7.17e-8	3.00e-8
58833.5	6.76e-8	2.45e-8
58836.5	8.78e-8	2.21e-8
58839.5	4.37e-8	1.66e-8
58842.5	< 4.08e-8	-
58845.5	3.23e-8	1.73e-8
58848.5	9.58e-8	2.55e-8
58851.5	7.63e-8	2.14e-8
58854.5	4.72e-8	1.69e-8
58857.5	1.89e-8	1.32e-8
58860.5	7.80e-8	2.47e-8
58863.5	7.73e-8	2.56e-8
58866.5	5.09e-8	1.97e-8
58869.5	5.13e-8	2.13e-8
58872.5	5.79e-8	2.34e-8
58875.5	4.95e-8	2.19e-8
58878.5	5.14e-8	2.19e-8
58880.5	3.33e-8	1.67e-8
58883.5	5.87e-8	1.88e-8
58886.5	8.12e-8	2.22e-8
58889.5	9.15e-8	2.22e-8
58892.5	6.63e-8	2.08e-8
58895.5	6.47e-8	2.02e-8
58898.5	7.51e-8	2.18e-8
58901.5	4.98e-8	2.02e-8
58904.5	4.58e-8	1.83e-8
58907.5	2.35e-8	1.61e-8
58912.5	6.05e-8	2.39e-8
58915.5	1.09e-7	3.11e-8
58918.5	2.74e-8	1.82e-8
58921.5	3.71e-8	1.95e-8
58924.5	6.11e-8	2.38e-8
58927.5	8.62e-8	2.64e-8
58930.5	6.52e-8	2.45e-8
58933.5	< 5.90e-8	-
58936.5	9.00e-8	2.93e-8
58939.5	8.60e-8	2.64e-8
58941.5	4.09e-8	2.08e-8
58944.5	5.29e-8	2.09e-8
58947.5	5.14e-8	1.99e-8
58950.5	4.07e-8	1.87e-8
58953.5	5.79e-8	2.38e-8
58956.5	< 4.47e-8	-
58959.5	< 6.34e-8	-
58962.5	5.39e-8	2.68e-8
58965.5	< 4.07e-8	-
58968.5	2.81e-8	1.60e-8
58972.5	5.20e-8	2.33e-8
58975.5	8.04e-8	2.89e-8
58978.5	6.95e-8	2.57e-8
58981.5	8.06e-8	2.73e-8
58984.5	5.65e-8	2.44e-8
58987.5	7.14e-8	2.51e-8
58990.5	1.13e-7	3.21e-8
58993.5	6.51e-8	2.64e-8
58996.5	6.81e-8	3.10e-8
58999.5	7.71e-8	2.52e-8
59001.5	5.17e-8	2.59e-8
59004.5	1.38e-7	4.44e-8
59007.5	6.35e-8	4.31e-8
59010.5	4.43e-8	3.01e-8
59013.5	< 1.01e-7	-
59016.5	4.26e-8	2.14e-8
59019.5	6.27e-8	2.75e-8
59022.5	9.25e-8	2.92e-8
59025.5	8.76e-8	2.91e-8
59028.5	8.40e-8	2.82e-8
59032.5	1.37e-7	3.50e-8
59035.5	1.21e-7	3.13e-8
59038.5	7.81e-8	2.72e-8
59041.5	1.00e-7	2.92e-8
59044.5	5.46e-8	1.83e-8
59047.5	7.15e-8	2.00e-8
59050.5	7.11e-8	2.03e-8
59053.5	7.59e-8	2.21e-8
59056.5	8.16e-8	2.38e-8
59059.5	1.11e-7	2.62e-8
59062.5	4.70e-8	1.81e-8
59064.5	3.01e-8	1.88e-8
59067.5	6.21e-8	2.40e-8
59070.5	7.37e-8	2.74e-8
59073.5	8.40e-8	2.59e-8
59076.5	6.50e-8	2.52e-8
59079.5	5.55e-8	2.33e-8
59082.5	4.31e-8	1.98e-8
59085.5	7.34e-8	2.48e-8
59088.5	9.65e-8	2.81e-8
59091.5	2.98e-8	1.60e-8
59093.5	7.80e-8	2.40e-8
59096.5	5.09e-8	1.90e-8
59099.5	5.38e-8	1.85e-8
59102.5	5.84e-8	2.15e-8
59105.5	5.30e-8	2.45e-8
59108.5	5.76e-8	2.80e-8
59111.5	5.10e-8	2.04e-8
59114.5	3.58e-8	1.82e-8
59117.5	7.31e-8	2.53e-8
59120.5	6.00e-8	2.00e-8
59124.5	1.03e-7	2.44e-8
59127.5	6.92e-8	1.92e-8
59130.5	5.92e-8	2.62e-8
59133.5	6.12e-8	2.74e-8
59136.5	1.88e-8	1.40e-8
59139.5	4.95e-8	2.20e-8
59142.5	9.01e-8	2.81e-8
59145.5	8.67e-8	2.80e-8
59148.5	1.19e-7	3.27e-8
59151.5	6.62e-8	2.45e-8
59153.5	1.45e-7	3.40e-8
59156.5	2.14e-7	4.20e-8
59159.5	4.54e-8	2.12e-8
59162.5	6.31e-8	2.46e-8
59165.5	7.60e-8	2.99e-8
59168.5	2.06e-7	4.60e-8
59171.5	2.68e-7	5.10e-8
59174.5	5.91e-8	2.14e-8
59177.5	6.79e-8	2.06e-8
59180.5	9.50e-8	3.19e-8
59184.5	6.19e-8	2.43e-8
59187.5	9.03e-8	2.95e-8
59190.5	6.52e-8	2.45e-8
59193.5	6.70e-8	2.81e-8
59196.5	9.28e-8	2.99e-8
59199.5	6.63e-8	2.60e-8
59202.5	1.41e-7	3.90e-8
59205.5	9.96e-8	2.38e-8
59208.5	7.19e-8	2.21e-8
59211.5	4.26e-8	1.75e-8
59214.5	5.59e-8	2.06e-8
59216.5	7.14e-8	2.26e-8
59219.5	5.52e-8	2.06e-8
59222.5	8.87e-8	2.22e-8
59225.5	1.20e-7	2.86e-8
59228.5	5.38e-8	2.14e-8
59231.5	6.49e-8	2.31e-8
59234.5	6.19e-8	2.27e-8
59237.5	7.96e-8	2.69e-8
59240.5	1.03e-7	2.82e-8
59243.5	5.74e-8	2.25e-8
59246.5	1.22e-7	3.18e-8
59249.5	1.54e-7	3.40e-8
59252.5	1.53e-7	3.00e-8
59255.5	8.56e-8	2.19e-8
59258.5	9.16e-8	2.32e-8
59261.5	1.45e-7	2.90e-8
59264.5	1.15e-7	2.46e-8
59267.5	7.32e-8	2.44e-8
59270.5	1.61e-7	3.40e-8
59275.5	1.23e-7	2.95e-8
59278.5	1.01e-7	2.61e-8
59281.5	8.88e-8	2.47e-8
59284.5	3.21e-8	1.83e-8
59287.5	5.58e-8	2.20e-8
59290.5	3.92e-8	1.92e-8
59293.5	5.38e-8	2.08e-8
59296.5	8.94e-8	2.85e-8
59299.5	5.77e-8	2.41e-8
59302.5	5.42e-8	2.54e-8
59305.5	1.81e-7	3.90e-8
59307.5	1.26e-7	3.21e-8
59310.5	1.02e-7	3.00e-8
59313.5	8.19e-8	2.62e-8
59316.5	1.21e-7	3.17e-8
59319.5	9.48e-8	2.53e-8
59322.5	1.39e-7	3.40e-8
59325.5	< 8.53e-8	-
59328.5	9.88e-8	3.99e-8
59331.5	< 6.96e-8	-
59334.5	1.48e-7	3.70e-8
59338.5	9.87e-8	3.05e-8
59341.5	7.49e-8	2.54e-8
59344.5	1.32e-7	3.61e-8
59347.5	1.00e-7	3.28e-8
59350.5	9.25e-8	2.98e-8
59353.5	1.08e-7	3.23e-8
59356.5	9.47e-8	2.96e-8
59359.5	6.74e-8	2.79e-8
59362.5	9.75e-8	3.16e-8
59365.5	3.40e-8	1.98e-8
59367.5	1.08e-7	2.71e-8
59370.5	8.82e-8	2.64e-8
59373.5	8.57e-8	3.17e-8
59376.5	2.86e-8	2.68e-8
59379.5	9.72e-8	4.35e-8
59382.5	7.84e-8	3.42e-8
59385.5	6.77e-8	2.69e-8
59388.5	9.08e-8	3.04e-8
59391.5	4.11e-8	2.35e-8
59394.5	< 4.37e-8	-
59398.5	9.38e-8	3.07e-8
59401.5	7.41e-8	2.56e-8
59404.5	6.75e-8	2.61e-8
59407.5	6.22e-8	2.54e-8
59410.5	5.93e-8	2.28e-8
59413.5	8.36e-8	2.60e-8
59416.5	4.49e-8	1.80e-8
59419.5	9.30e-8	2.19e-8
59422.5	1.06e-7	2.58e-8
59425.5	6.19e-8	1.91e-8
59427.5	5.95e-8	2.09e-8
59430.5	9.84e-8	2.58e-8
59433.5	1.07e-7	2.87e-8
59436.5	6.10e-8	2.63e-8
59439.5	5.48e-8	2.18e-8
59442.5	7.55e-8	2.49e-8
59445.5	6.21e-8	2.55e-8
59448.5	7.52e-8	2.75e-8
59451.5	7.15e-8	2.44e-8
59454.5	9.88e-8	3.10e-8
59457.5	9.64e-8	2.94e-8
59460.5	8.10e-8	2.65e-8
59463.5	3.15e-8	1.62e-8
59466.5	9.58e-8	2.40e-8
59469.5	9.85e-8	2.62e-8
59472.5	8.06e-8	2.23e-8
59475.5	1.13e-7	3.59e-8
59478.5	4.90e-8	2.25e-8
59481.5	3.46e-8	1.93e-8
59484.5	1.16e-7	3.20e-8
59487.5	8.71e-8	2.73e-8
59490.5	8.89e-8	2.34e-8
59493.5	9.34e-8	2.42e-8
59496.5	6.72e-8	1.88e-8
59499.5	7.36e-8	2.43e-8
59502.5	7.76e-8	3.08e-8
59505.5	6.47e-8	2.24e-8
59508.5	5.36e-8	2.41e-8
59511.5	4.45e-8	1.99e-8
59514.5	3.61e-8	2.12e-8
59517.5	1.21e-7	3.24e-8
59520.5	1.01e-7	3.04e-8
59523.5	5.40e-8	2.50e-8
59526.5	7.41e-8	2.61e-8
59529.5	1.10e-7	3.20e-8
59532.5	1.36e-7	3.10e-8
59535.5	7.97e-8	3.35e-8
59538.5	6.71e-8	3.10e-8
59541.5	7.46e-8	3.25e-8
59544.5	3.78e-8	1.92e-8
59547.5	9.67e-8	2.43e-8
59550.5	7.58e-8	2.72e-8
59553.5	1.31e-7	3.29e-8
59556.5	1.24e-7	3.09e-8
59559.5	5.44e-8	2.62e-8
59562.5	7.60e-8	2.67e-8
59565.5	3.78e-8	1.99e-8
59568.5	7.47e-8	2.54e-8
59571.5	3.55e-8	1.90e-8
59574.5	4.79e-8	1.75e-8
59577.5	6.73e-8	1.94e-8
59579.5	1.12e-7	2.63e-8
59582.5	7.55e-8	2.20e-8
59585.5	7.87e-8	2.17e-8
59588.5	4.33e-8	1.69e-8
59591.5	7.55e-8	2.09e-8
59594.5	3.99e-8	1.90e-8
59597.5	5.83e-8	2.15e-8
59600.5	4.83e-8	1.94e-8
59603.5	3.02e-8	1.62e-8
59606.5	< 4.74e-8	-
59609.5	3.97e-8	1.95e-8
59612.5	4.04e-8	1.93e-8
59615.5	6.04e-8	2.26e-8
59618.5	6.59e-8	2.55e-8
59621.5	4.27e-8	2.10e-8
59624.5	3.21e-8	1.55e-8
59627.5	1.10e-8	1.03e-8
59630.5	4.92e-8	1.91e-8
59633.5	7.10e-8	2.07e-8
59636.5	4.63e-8	1.91e-8
59641.5	6.02e-8	2.01e-8
59644.5	2.51e-8	1.56e-8
59647.5	5.24e-8	2.13e-8
59650.5	4.20e-8	1.84e-8
59653.5	4.19e-8	2.08e-8
59656.5	2.54e-8	1.81e-8
59659.5	5.57e-8	2.32e-8
59662.5	4.91e-8	2.11e-8
59665.5	2.55e-8	1.72e-8
59668.5	5.88e-8	2.83e-8
59671.5	6.70e-8	2.54e-8
59674.5	6.31e-8	2.74e-8
59677.5	6.52e-8	2.46e-8
59680.5	< 2.96e-8	-
59683.5	4.03e-8	1.82e-8
59686.5	4.27e-8	2.02e-8
59689.5	3.82e-8	1.97e-8
59692.5	6.60e-8	2.54e-8
59695.5	4.45e-8	2.89e-8
59698.5	< 8.01e-8	-
59701.5	5.18e-8	2.94e-8
59704.5	3.04e-8	2.31e-8
59707.5	5.28e-8	2.13e-8
59710.5	8.26e-8	2.61e-8
59713.5	3.86e-8	2.12e-8
59716.5	9.09e-8	2.90e-8
59719.5	4.25e-8	2.03e-8
59722.5	7.04e-8	2.53e-8
59725.5	2.39e-8	1.71e-8
59728.5	6.22e-8	2.31e-8
59731.5	< 6.66e-8	-
59734.5	9.17e-8	3.09e-8
59737.5	2.98e-8	1.63e-8
59740.5	6.24e-8	2.12e-8
59743.5	7.41e-8	2.86e-8
59746.5	< 7.12e-8	-
59749.5	8.09e-8	3.54e-8
59752.5	4.94e-8	2.36e-8
59755.5	3.30e-8	2.07e-8
59758.5	5.55e-8	2.01e-8
59761.5	4.30e-8	2.38e-8
59764.5	< 6.75e-8	-
59767.5	4.38e-8	2.11e-8
59770.5	6.11e-8	2.39e-8
59773.5	4.38e-8	2.04e-8
59776.5	2.58e-8	1.56e-8
59779.5	6.66e-8	2.72e-8
59782.5	3.77e-8	1.91e-8
59785.5	7.31e-8	1.97e-8
59788.5	4.46e-8	1.60e-8
59791.5	1.91e-8	1.30e-8
59793.5	5.58e-8	2.01e-8
59796.5	8.66e-8	2.51e-8
59799.5	8.42e-8	2.31e-8
59802.5	2.53e-8	1.84e-8
59805.5	7.73e-8	2.52e-8
59808.5	5.19e-8	2.13e-8
59811.5	4.67e-8	2.15e-8
59814.5	9.86e-8	3.19e-8
59817.5	9.88e-8	2.92e-8
59820.5	4.66e-8	2.28e-8
59823.5	2.49e-8	1.53e-8
59826.5	6.90e-8	2.76e-8
59829.5	4.50e-8	2.08e-8
59832.5	6.13e-8	2.45e-8
59835.5	4.37e-8	1.81e-8
59838.5	7.08e-8	2.14e-8
59841.5	3.51e-8	1.82e-8
59844.5	3.55e-8	1.96e-8
59847.5	2.55e-8	1.79e-8
59850.5	2.95e-8	1.66e-8
59853.5	5.87e-8	2.37e-8
59856.5	7.21e-8	2.64e-8
59859.5	4.41e-8	1.80e-8
59862.5	3.08e-8	1.72e-8
59865.5	9.36e-8	2.31e-8
59868.5	4.70e-8	1.93e-8
59871.5	3.37e-8	2.13e-8
59874.5	4.64e-8	2.08e-8
59877.5	5.05e-8	2.35e-8
59880.5	< 6.15e-8	-
59883.5	5.09e-8	2.24e-8
59886.5	6.59e-8	2.46e-8
59889.5	7.17e-8	2.52e-8
59892.5	6.09e-8	2.23e-8
59895.5	8.39e-8	2.81e-8
59898.5	5.79e-8	2.18e-8
59901.5	6.08e-8	2.25e-8
59904.5	4.83e-8	2.31e-8
59907.5	< 7.90e-8	-
59910.5	2.98e-8	1.93e-8
59913.5	3.86e-8	1.87e-8
59916.5	5.07e-8	1.96e-8
59919.5	6.30e-8	2.31e-8
59922.5	5.36e-8	2.29e-8
59925.5	4.64e-8	1.88e-8
59928.5	1.06e-7	2.95e-8
59931.5	5.51e-8	2.30e-8
59934.5	5.77e-8	2.11e-8
59937.5	9.76e-8	2.81e-8
59940.5	4.60e-8	2.10e-8
59943.5	6.13e-8	1.95e-8
59946.5	5.29e-8	1.67e-8
59949.5	8.72e-8	2.10e-8
59952.5	1.05e-7	2.50e-8
59955.5	1.69e-8	1.04e-8
59958.5	5.96e-8	2.06e-8
59961.5	5.32e-8	1.73e-8
59964.5	4.13e-8	2.05e-8
59967.5	1.03e-7	3.03e-8
59970.5	8.11e-8	2.88e-8
59973.5	9.16e-8	3.05e-8
59975.5	1.07e-7	3.14e-8
59978.5	8.65e-8	2.88e-8
59981.5	1.87e-7	3.70e-8
59984.5	1.20e-7	3.10e-8
59987.5	1.19e-7	3.26e-8
59990.5	8.55e-8	2.63e-8
59993.5	1.18e-7	2.88e-8
59996.5	1.09e-7	2.53e-8
59999.5	7.88e-8	2.35e-8
60002.5	1.07e-7	2.48e-8
60008.5	5.09e-8	2.17e-8
60011.5	1.06e-7	2.60e-8
60014.5	7.94e-8	2.45e-8
60017.5	1.04e-7	2.61e-8
60020.5	8.10e-8	2.24e-8
60023.5	9.53e-8	2.53e-8
60026.5	6.18e-8	1.95e-8
60029.5	6.68e-8	2.76e-8
60032.5	1.18e-7	3.11e-8
60035.5	7.22e-8	2.48e-8
60037.5	1.40e-7	3.50e-8
60040.5	1.02e-7	3.15e-8
60043.5	1.22e-7	3.27e-8
60046.5	1.04e-7	3.06e-8
60049.5	6.42e-8	2.27e-8
60052.5	1.08e-7	2.96e-8
60055.5	1.03e-7	2.85e-8
60058.5	1.65e-7	3.60e-8
60061.5	1.04e-7	3.02e-8
60064.5	1.26e-7	3.94e-8
60067.5	5.24e-8	3.10e-8
60070.5	3.32e-8	2.67e-8
60073.5	9.71e-8	3.81e-8
60076.5	1.31e-7	3.46e-8
60079.5	1.08e-7	2.84e-8
60082.5	6.21e-8	2.66e-8
60085.5	1.13e-7	3.19e-8
60088.5	1.24e-7	3.06e-8
60091.5	4.04e-8	2.12e-8
60094.5	5.80e-8	2.33e-8
60097.5	3.28e-8	1.95e-8
60100.5	6.62e-8	2.45e-8
60103.5	8.34e-8	3.11e-8
60106.5	9.32e-8	2.45e-8
60109.5	8.46e-8	2.56e-8
60112.5	6.34e-8	2.58e-8
60115.5	4.19e-8	3.18e-8
60118.5	4.21e-8	2.47e-8
60121.5	5.37e-8	2.56e-8
60124.5	6.65e-8	2.38e-8
60127.5	7.75e-8	2.69e-8
60130.5	7.51e-8	2.56e-8
60133.5	6.24e-8	2.49e-8
60136.5	6.79e-8	2.68e-8
60139.5	4.97e-8	2.27e-8
60142.5	8.03e-8	2.83e-8
60145.5	6.77e-8	3.07e-8
60148.5	1.30e-7	3.28e-8
60151.5	8.95e-8	2.52e-8
60154.5	7.14e-8	1.89e-8
60157.5	5.77e-8	1.83e-8
60160.5	2.74e-8	1.46e-8
60163.5	7.62e-8	2.19e-8
60166.5	6.05e-8	1.92e-8
60169.5	7.88e-8	2.25e-8
60172.5	1.63e-8	1.44e-8
60175.5	1.00e-7	2.75e-8
60178.5	7.46e-8	2.47e-8
60181.5	4.07e-8	1.79e-8
60184.5	7.74e-8	3.11e-8
60187.5	< 7.11e-8	-
60189.5	4.79e-8	2.21e-8
60192.5	3.86e-8	2.02e-8
60195.5	6.80e-8	2.71e-8
60198.5	< 5.13e-8	-
60201.5	6.45e-8	2.35e-8
60204.5	3.96e-8	1.76e-8
60207.5	5.96e-8	1.93e-8
60210.5	6.05e-8	2.18e-8
60213.5	6.55e-8	2.51e-8
60216.5	4.86e-8	2.25e-8
60220.5	3.58e-8	2.05e-8
60223.5	7.18e-8	2.66e-8
60226.5	2.65e-8	1.51e-8
60229.5	3.24e-8	1.91e-8
60232.5	3.41e-8	1.67e-8
60235.5	4.07e-8	1.49e-8
60238.5	2.24e-8	1.69e-8
60241.5	2.83e-8	1.70e-8
60244.5	3.19e-8	1.80e-8
60247.5	3.82e-8	2.00e-8
60249.5	1.95e-8	1.43e-8
60252.5	6.86e-8	2.43e-8
60255.5	5.81e-8	2.46e-8
60258.5	3.88e-8	2.17e-8
