54686.5	2.00e-8	1.24e-8
54693.5	4.71e-8	1.65e-8
54700.5	3.43e-8	1.44e-8
54707.5	2.13e-8	1.18e-8
54714.5	3.11e-8	1.42e-8
54721.5	2.48e-8	1.39e-8
54728.5	5.92e-8	1.81e-8
54735.5	1.81e-8	1.20e-8
54742.5	1.94e-8	1.12e-8
54749.5	< 5.39e-8	-
54756.5	3.98e-8	1.34e-8
54763.5	2.46e-8	1.25e-8
54770.5	6.34e-8	1.79e-8
54776.5	4.08e-8	1.54e-8
54783.5	3.71e-8	1.60e-8
54790.5	2.78e-8	1.52e-8
54797.5	6.30e-8	1.71e-8
54805.5	1.59e-8	1.01e-8
54812.5	2.27e-8	1.28e-8
54819.5	2.76e-8	1.37e-8
54826.5	3.30e-8	1.41e-8
54832.5	3.45e-8	1.33e-8
54839.5	4.60e-8	1.63e-8
54846.5	1.27e-8	8.74e-9
54853.5	2.11e-8	1.10e-8
54860.5	4.37e-8	1.46e-8
54867.5	4.06e-8	1.36e-8
54874.5	2.58e-8	1.26e-8
54881.5	< 5.08e-8	-
54888.5	1.96e-8	1.33e-8
54897.5	3.64e-8	1.47e-8
54904.5	5.04e-8	1.98e-8
54911.5	< 4.51e-8	-
54918.5	5.64e-8	1.62e-8
54925.5	4.85e-8	1.62e-8
54932.5	1.92e-8	1.36e-8
54939.5	< 3.35e-8	-
54946.5	3.43e-8	1.51e-8
54953.5	< 3.11e-8	-
54960.5	2.86e-8	1.45e-8
54967.5	4.61e-8	1.41e-8
54974.5	3.24e-8	1.24e-8
54981.5	2.91e-8	1.33e-8
54987.5	< 4.26e-8	-
54994.5	< 3.68e-8	-
55001.5	2.70e-8	1.28e-8
55008.5	3.71e-8	1.52e-8
55016.5	2.28e-8	1.30e-8
55023.5	3.39e-8	1.33e-8
55030.5	3.62e-8	1.37e-8
55037.5	3.93e-8	1.51e-8
55044.5	3.09e-8	1.46e-8
55050.5	2.54e-8	1.46e-8
55057.5	1.66e-8	1.01e-8
55064.5	< 3.06e-8	-
55071.5	1.48e-8	9.05e-9
55078.5	1.55e-8	9.08e-9
55085.5	2.15e-8	1.19e-8
55092.5	< 4.30e-8	-
55099.5	1.73e-8	1.16e-8
55106.5	2.92e-8	1.32e-8
55113.5	< 2.90e-8	-
55120.5	2.11e-8	1.07e-8
55127.5	2.26e-8	1.00e-8
55134.5	2.31e-8	1.06e-8
55141.5	3.07e-8	1.48e-8
55148.5	1.56e-8	1.06e-8
55155.5	3.09e-8	1.59e-8
55162.5	< 2.85e-8	-
55169.5	< 2.43e-8	-
55176.5	1.38e-8	8.54e-9
55183.5	< 2.62e-8	-
55190.5	< 1.88e-8	-
55196.5	9.74e-9	8.43e-9
55203.5	< 2.37e-8	-
55210.5	< 3.95e-8	-
55217.5	2.39e-8	1.25e-8
55224.5	1.18e-8	7.98e-9
55231.5	7.51e-9	5.69e-9
55238.5	< 1.81e-8	-
55245.5	1.33e-8	9.25e-9
55252.5	< 2.37e-8	-
55261.5	< 2.87e-8	-
55268.5	< 2.50e-8	-
55275.5	9.78e-9	8.34e-9
55282.5	< 1.63e-8	-
55289.5	7.72e-9	7.02e-9
55296.5	2.17e-8	1.55e-8
55303.5	< 2.49e-8	-
55310.5	2.82e-8	1.53e-8
55317.5	1.32e-8	9.78e-9
55324.5	1.98e-8	1.25e-8
55331.5	< 1.94e-8	-
55338.5	2.98e-8	1.13e-8
55345.5	< 3.30e-8	-
55352.5	1.96e-8	1.08e-8
55359.5	< 2.68e-8	-
55366.5	< 3.57e-8	-
55373.5	2.13e-8	1.41e-8
55380.5	1.09e-8	9.16e-9
55387.5	2.93e-8	1.21e-8
55394.5	< 2.60e-8	-
55401.5	< 2.08e-8	-
55408.5	< 3.00e-8	-
55415.5	1.37e-8	1.07e-8
55422.5	< 2.47e-8	-
55429.5	2.03e-8	1.13e-8
55436.5	< 2.49e-8	-
55442.5	1.11e-8	9.04e-9
55449.5	1.60e-8	1.01e-8
55456.5	< 3.65e-8	-
55463.5	< 6.74e-8	-
55470.5	< 3.35e-8	-
55477.5	< 3.99e-8	-
55484.5	1.57e-8	1.11e-8
55491.5	2.06e-8	1.11e-8
55498.5	2.59e-8	1.05e-8
55505.5	2.19e-8	1.15e-8
55512.5	< 2.08e-8	-
55519.5	2.52e-8	1.32e-8
55526.5	3.86e-8	1.76e-8
55533.5	4.82e-8	1.77e-8
55540.5	4.63e-8	1.52e-8
55547.5	2.43e-8	1.13e-8
55554.5	1.96e-8	1.13e-8
55561.5	5.87e-8	1.28e-8
55568.5	6.60e-8	1.70e-8
55575.5	3.48e-8	1.59e-8
55582.5	4.79e-8	1.86e-8
55589.5	< 3.11e-8	-
55595.5	4.40e-8	1.44e-8
55602.5	2.05e-8	9.00e-9
55609.5	2.17e-8	9.70e-9
55616.5	1.29e-8	8.83e-9
55626.5	1.78e-8	1.06e-8
55633.5	< 1.89e-8	-
55640.5	2.55e-8	1.26e-8
55647.5	1.80e-8	1.65e-8
55653.5	3.61e-8	1.28e-8
55660.5	< 3.23e-8	-
55667.5	2.77e-8	1.63e-8
55674.5	1.64e-8	1.07e-8
55681.5	8.29e-9	6.86e-9
55688.5	< 3.69e-8	-
55695.5	< 2.00e-8	-
55702.5	2.21e-8	1.21e-8
55709.5	< 2.24e-8	-
55716.5	1.91e-8	1.00e-8
55723.5	< 1.69e-8	-
55730.5	2.33e-8	1.04e-8
55737.5	< 5.32e-8	-
55744.5	< 2.88e-8	-
55751.5	< 2.73e-8	-
55758.5	1.83e-8	1.02e-8
55765.5	7.18e-9	5.66e-9
55772.5	< 3.17e-8	-
55779.5	1.18e-8	7.07e-9
55786.5	2.80e-8	1.36e-8
55793.5	1.97e-8	1.25e-8
55800.5	2.48e-8	1.28e-8
55806.5	< 1.83e-8	-
55813.5	8.16e-9	7.72e-9
55820.5	1.56e-8	8.42e-9
55827.5	< 2.72e-8	-
55834.5	< 1.90e-8	-
55842.5	< 2.40e-8	-
55849.5	1.25e-8	1.14e-8
55856.5	1.66e-8	1.14e-8
55863.5	1.50e-8	8.93e-9
55869.5	1.12e-8	7.26e-9
55876.5	< 1.91e-8	-
55883.5	< 2.29e-8	-
55890.5	< 2.02e-8	-
55898.5	1.29e-8	1.01e-8
55905.5	< 3.64e-8	-
55912.5	3.85e-8	1.42e-8
55919.5	3.16e-8	1.29e-8
55926.5	1.22e-8	7.84e-9
55932.5	< 2.15e-8	-
55939.5	8.02e-9	7.52e-9
55946.5	1.20e-8	1.00e-8
55953.5	2.81e-8	1.61e-8
55959.5	1.71e-8	1.30e-8
55966.5	< 1.94e-8	-
55973.5	< 1.92e-8	-
55980.5	< 1.88e-8	-
55989.5	< 2.70e-8	-
55996.5	9.59e-9	7.88e-9
56003.5	< 3.41e-8	-
56010.5	< 4.62e-8	-
56017.5	1.31e-8	1.04e-8
56023.5	2.91e-8	1.09e-8
56030.5	1.73e-8	8.86e-9
56037.5	2.29e-8	1.21e-8
56044.5	2.19e-8	1.16e-8
56052.5	< 3.70e-8	-
56059.5	< 2.66e-8	-
56066.5	< 4.16e-8	-
56073.5	1.40e-8	1.05e-8
56079.5	1.89e-8	1.01e-8
56086.5	1.53e-8	8.10e-9
56093.5	1.58e-8	1.02e-8
56100.5	< 3.53e-8	-
56107.5	< 3.44e-8	-
56115.5	2.13e-8	1.37e-8
56122.5	1.90e-8	1.15e-8
56129.5	1.09e-8	7.48e-9
56136.5	1.15e-8	9.86e-9
56142.5	1.90e-8	9.76e-9
56149.5	4.34e-8	1.44e-8
56156.5	< 3.11e-8	-
56163.5	< 5.68e-8	-
56170.5	< 4.31e-8	-
56176.5	8.68e-9	7.10e-9
56183.5	< 3.62e-8	-
56190.5	3.44e-8	1.28e-8
56197.5	< 8.42e-8	-
56205.5	1.03e-8	8.79e-9
56212.5	< 4.87e-8	-
56219.5	5.33e-9	5.42e-9
56226.5	< 2.74e-8	-
56232.5	8.59e-9	7.15e-9
56239.5	< 2.99e-8	-
56246.5	2.40e-8	1.04e-8
56253.5	< 2.71e-8	-
56260.5	8.73e-9	7.46e-9
56268.5	1.60e-8	1.26e-8
56275.5	< 3.87e-8	-
56282.5	2.26e-8	1.43e-8
56289.5	2.37e-8	1.24e-8
56295.5	1.41e-8	8.85e-9
56302.5	2.04e-8	1.00e-8
56309.5	3.21e-8	1.35e-8
56316.5	< 4.44e-8	-
56323.5	< 4.73e-8	-
56330.5	1.85e-8	1.26e-8
56337.5	9.48e-9	7.98e-9
56344.5	1.90e-8	8.90e-9
56353.5	8.47e-9	6.84e-9
56360.5	< 5.57e-8	-
56367.5	1.32e-8	9.23e-9
56374.5	< 3.28e-8	-
56381.5	1.61e-8	1.17e-8
56388.5	2.46e-8	1.26e-8
56395.5	< 3.65e-8	-
56402.5	4.22e-9	4.24e-9
56409.5	< 2.28e-8	-
56416.5	2.16e-8	1.06e-8
56423.5	2.79e-8	1.29e-8
56430.5	< 1.04e-7	-
56437.5	3.03e-8	1.54e-8
56444.5	1.51e-8	9.28e-9
56450.5	< 3.64e-8	-
56457.5	< 1.54e-8	-
56464.5	8.22e-9	7.40e-9
56471.5	4.02e-8	1.40e-8
56479.5	< 3.12e-8	-
56486.5	< 3.32e-8	-
56493.5	< 4.02e-8	-
56500.5	< 2.16e-8	-
56506.5	< 2.28e-8	-
56513.5	1.61e-8	1.05e-8
56520.5	< 3.75e-8	-
56527.5	2.51e-8	1.32e-8
56534.5	1.02e-8	6.31e-9
56541.5	1.87e-8	1.07e-8
56548.5	1.56e-8	1.11e-8
56555.5	< 3.94e-8	-
56562.5	7.40e-9	5.18e-9
56569.5	< 1.93e-8	-
56576.5	5.71e-9	5.47e-9
56583.5	< 3.82e-8	-
56590.5	2.23e-8	1.68e-8
56597.5	< 2.52e-8	-
56604.5	1.92e-8	1.20e-8
56611.5	3.70e-8	1.30e-8
56618.5	1.60e-8	8.65e-9
56625.5	1.03e-8	8.20e-9
56632.5	< 2.29e-8	-
56639.5	< 3.08e-8	-
56646.5	< 1.98e-8	-
56653.5	< 2.43e-8	-
56659.5	< 2.74e-8	-
56666.5	< 5.85e-8	-
56673.5	7.79e-8	3.21e-8
56680.5	< 1.45e-7	-
56694.5	< 1.71e-8	-
56701.5	9.48e-9	7.39e-9
56708.5	7.57e-9	6.03e-9
56715.5	1.54e-8	7.69e-9
56724.5	< 2.90e-8	-
56731.5	< 3.91e-8	-
56738.5	< 4.32e-8	-
56745.5	< 2.03e-8	-
56752.5	1.74e-8	1.17e-8
56759.5	1.83e-8	9.28e-9
56766.5	< 1.81e-8	-
56773.5	< 1.99e-8	-
56780.5	< 3.32e-8	-
56787.5	< 2.85e-8	-
56794.5	1.74e-8	1.08e-8
56801.5	< 2.74e-8	-
56808.5	< 2.58e-8	-
56815.5	< 3.09e-8	-
56822.5	< 1.79e-8	-
56829.5	1.33e-8	8.62e-9
56836.5	1.30e-8	8.58e-9
56843.5	1.22e-8	9.04e-9
56850.5	< 3.37e-8	-
56857.5	1.56e-8	8.49e-9
56864.5	1.65e-8	9.56e-9
56871.5	< 1.55e-8	-
56878.5	< 3.34e-8	-
56885.5	< 4.03e-8	-
56892.5	< 4.99e-8	-
56899.5	< 3.75e-8	-
56905.5	1.66e-8	9.61e-9
56912.5	< 2.52e-8	-
56919.5	< 2.19e-8	-
56926.5	< 2.87e-8	-
56933.5	< 2.71e-8	-
56940.5	1.91e-8	1.44e-8
56947.5	6.08e-8	2.48e-8
56954.5	1.34e-8	8.98e-9
56961.5	9.77e-9	7.19e-9
56968.5	1.86e-8	8.62e-9
56975.5	1.53e-8	8.22e-9
56982.5	< 2.57e-8	-
56989.5	3.87e-8	2.13e-8
56996.5	< 3.44e-8	-
57003.5	1.19e-8	8.15e-9
57010.5	< 3.54e-8	-
57017.5	< 2.99e-8	-
57024.5	< 5.05e-8	-
57031.5	2.30e-8	1.17e-8
57038.5	< 2.02e-8	-
57045.5	< 2.22e-8	-
57052.5	< 2.80e-8	-
57058.5	2.11e-8	1.15e-8
57065.5	< 2.59e-8	-
57072.5	< 2.84e-8	-
57079.5	2.61e-8	1.17e-8
57089.5	< 2.11e-8	-
57096.5	2.93e-8	1.31e-8
57103.5	9.66e-9	6.51e-9
57110.5	9.77e-9	6.78e-9
57116.5	1.23e-8	7.52e-9
57123.5	< 4.72e-8	-
57130.5	1.74e-8	1.02e-8
57137.5	< 2.01e-8	-
57144.5	< 2.04e-8	-
57151.5	1.06e-8	8.19e-9
57158.5	1.45e-8	9.28e-9
57165.5	1.92e-8	1.15e-8
57172.5	< 3.41e-8	-
57179.5	< 4.60e-8	-
57186.5	< 3.46e-8	-
57193.5	2.63e-8	1.86e-8
57200.5	< 2.88e-8	-
57207.5	1.93e-8	9.56e-9
57214.5	< 1.74e-8	-
57221.5	< 3.48e-8	-
57228.5	< 4.57e-8	-
57235.5	< 3.01e-8	-
57242.5	< 2.08e-8	-
57249.5	< 2.88e-8	-
57256.5	< 1.76e-8	-
57263.5	1.10e-8	7.92e-9
57269.5	< 3.29e-8	-
57276.5	< 3.07e-8	-
57283.5	< 2.54e-8	-
57290.5	< 3.80e-8	-
57298.5	< 3.20e-8	-
57305.5	< 1.92e-8	-
57312.5	1.64e-8	1.07e-8
57319.5	5.18e-9	4.92e-9
57326.5	< 1.96e-8	-
57332.5	< 3.23e-8	-
57339.5	< 4.95e-8	-
57346.5	2.81e-8	1.25e-8
57353.5	< 3.47e-8	-
57361.5	1.89e-8	9.15e-9
57368.5	3.45e-8	1.25e-8
57375.5	2.17e-8	1.18e-8
57382.5	8.10e-9	7.80e-9
57388.5	1.27e-8	1.03e-8
57395.5	< 2.11e-8	-
57402.5	1.61e-8	1.06e-8
57409.5	< 2.93e-8	-
57416.5	1.22e-8	8.00e-9
57422.5	1.39e-8	1.02e-8
57429.5	1.24e-8	1.02e-8
57436.5	1.87e-8	1.33e-8
57443.5	< 3.84e-8	-
57452.5	1.19e-8	9.21e-9
57459.5	< 3.04e-8	-
57466.5	1.33e-8	7.98e-9
57473.5	1.66e-8	1.01e-8
57479.5	< 1.88e-8	-
57486.5	< 4.38e-8	-
57493.5	< 3.27e-8	-
57500.5	< 4.28e-8	-
57507.5	1.06e-8	8.09e-9
57515.5	1.72e-8	9.84e-9
57522.5	< 4.42e-8	-
57529.5	< 2.36e-8	-
57536.5	1.36e-8	8.71e-9
57542.5	< 2.26e-8	-
57549.5	2.11e-8	1.06e-8
57556.5	1.42e-8	8.03e-9
57563.5	8.34e-9	7.23e-9
57571.5	1.26e-8	7.72e-9
57578.5	< 2.38e-8	-
57585.5	< 2.20e-8	-
57592.5	2.77e-8	1.18e-8
57599.5	< 3.50e-8	-
57605.5	1.32e-8	9.51e-9
57612.5	7.62e-9	7.65e-9
57619.5	< 2.02e-8	-
57626.5	1.79e-8	8.34e-9
57632.5	1.45e-8	7.83e-9
57639.5	1.25e-8	8.89e-9
57646.5	< 4.68e-8	-
57653.5	< 3.17e-8	-
57660.5	3.18e-8	1.62e-8
57668.5	< 2.00e-8	-
57675.5	1.79e-8	1.03e-8
57682.5	< 2.24e-8	-
57689.5	3.05e-8	1.38e-8
57695.5	< 4.29e-8	-
57702.5	< 2.71e-8	-
57709.5	< 3.61e-8	-
57716.5	< 1.94e-8	-
57724.5	2.08e-8	9.70e-9
57731.5	< 2.25e-8	-
57738.5	< 4.25e-8	-
57745.5	< 3.84e-8	-
57752.5	< 2.52e-8	-
57758.5	1.88e-8	1.19e-8
57765.5	1.94e-8	1.22e-8
57772.5	< 2.10e-8	-
57779.5	< 2.25e-8	-
57786.5	< 2.07e-8	-
57793.5	< 1.93e-8	-
57800.5	< 2.74e-8	-
57807.5	3.06e-8	1.46e-8
57816.5	< 3.07e-8	-
57823.5	9.35e-9	7.12e-9
57830.5	< 2.97e-8	-
57837.5	< 1.97e-8	-
57844.5	< 2.56e-8	-
57851.5	< 2.84e-8	-
57858.5	1.64e-8	1.07e-8
57865.5	3.06e-8	1.36e-8
57872.5	1.80e-8	1.22e-8
57879.5	< 2.59e-8	-
57886.5	2.51e-8	1.07e-8
57893.5	< 2.20e-8	-
57900.5	4.70e-9	4.76e-9
57906.5	2.74e-8	1.24e-8
57913.5	2.32e-8	1.40e-8
57920.5	< 6.03e-8	-
57927.5	< 1.85e-8	-
57934.5	1.55e-8	7.38e-9
57942.5	2.88e-8	1.11e-8
57949.5	< 4.08e-8	-
57956.5	1.25e-8	9.83e-9
57963.5	2.10e-8	1.40e-8
57969.5	1.88e-8	1.26e-8
57976.5	< 3.74e-8	-
57983.5	2.32e-8	1.31e-8
57990.5	2.22e-8	1.07e-8
57997.5	6.91e-9	5.14e-9
58004.5	< 4.00e-8	-
58011.5	1.15e-8	8.41e-9
58018.5	< 4.37e-8	-
58025.5	< 3.55e-8	-
58032.5	3.08e-8	1.35e-8
58039.5	3.21e-8	1.33e-8
58046.5	2.32e-8	9.80e-9
58053.5	2.57e-8	1.11e-8
58060.5	2.61e-8	1.26e-8
58067.5	< 2.47e-8	-
58074.5	2.92e-8	1.68e-8
58081.5	3.25e-8	1.66e-8
58088.5	1.78e-8	1.08e-8
58095.5	< 2.75e-8	-
58102.5	3.59e-8	1.34e-8
58109.5	< 1.57e-8	-
58116.5	< 3.23e-8	-
58122.5	1.64e-8	1.14e-8
58129.5	1.31e-8	1.03e-8
58136.5	2.84e-8	1.38e-8
58143.5	2.12e-8	9.50e-9
58150.5	1.18e-8	7.91e-9
58157.5	2.38e-8	1.10e-8
58164.5	1.83e-8	1.11e-8
58171.5	3.18e-8	1.37e-8
58180.5	< 5.19e-8	-
58187.5	2.87e-8	1.53e-8
58194.5	5.30e-8	2.48e-8
58215.5	2.80e-8	8.30e-9
58222.5	1.64e-8	7.57e-9
58229.5	3.07e-8	1.05e-8
58236.5	1.23e-8	8.31e-9
58250.5	< 4.86e-8	-
58257.5	1.98e-8	8.00e-9
58264.5	2.67e-8	1.54e-8
58271.5	2.82e-8	1.58e-8
58278.5	< 4.37e-8	-
58285.5	2.25e-8	1.00e-8
58292.5	1.06e-7	6.69e-8
58299.5	< 2.40e-8	-
58306.5	< 4.61e-8	-
58313.5	< 4.80e-6	-
58320.5	< 4.00e-7	-
58327.5	2.00e-8	9.20e-9
58333.5	5.70e-8	2.20e-8
58347.5	2.47e-8	1.20e-8
58354.5	1.61e-8	9.45e-9
58361.5	2.86e-8	1.54e-8
58368.5	1.46e-8	6.64e-9
58375.5	< 1.87e-8	-
58396.5	< 4.32e-8	-
58403.5	1.65e-8	7.99e-9
58410.5	8.20e-9	5.14e-9
58417.5	2.98e-8	1.57e-8
58424.5	< 4.29e-8	-
58431.5	< 3.47e-8	-
58438.5	< 4.09e-8	-
58445.5	< 2.43e-7	-
58452.5	< 2.52e-8	-
58459.5	2.67e-8	1.53e-8
58466.5	9.81e-6	5.53e-6
58473.5	5.56e-8	3.03e-8
58480.5	< 7.31e-8	-
58487.5	< 1.14e-7	-
58494.5	< 2.20e-8	-
58501.5	< 5.76e-8	-
58508.5	< 7.78e-8	-
58514.5	5.11e-8	3.04e-8
58521.5	2.82e-8	1.88e-8
58528.5	< 9.05e-7	-
58535.5	2.99e-8	1.27e-8
58545.5	1.97e-8	1.23e-8
58552.5	< 4.00e-8	-
58559.5	< 2.27e-8	-
58566.5	< 3.51e-8	-
58573.5	2.49e-8	1.05e-8
58579.5	1.35e-8	8.43e-9
58586.5	2.32e-8	1.10e-8
58593.5	< 2.88e-8	-
58600.5	1.38e-8	9.53e-9
58607.5	1.31e-8	9.58e-9
58614.5	< 3.96e-8	-
58621.5	7.93e-9	7.02e-9
58628.5	< 5.03e-8	-
58635.5	2.50e-8	1.40e-8
58642.5	2.47e-8	1.50e-8
58649.5	< 3.01e-8	-
58656.5	1.82e-8	1.25e-8
58663.5	2.51e-8	1.42e-8
58670.5	< 4.11e-8	-
58677.5	2.73e-8	2.75e-8
58684.5	< 3.59e-6	-
58691.5	< 1.47e-7	-
58698.5	< 3.06e-8	-
58705.5	3.78e-8	1.61e-8
58712.5	2.84e-8	1.48e-8
58719.5	< 2.71e-8	-
58726.5	< 3.10e-8	-
58732.5	4.13e-8	2.06e-8
58739.5	1.59e-8	7.35e-9
58746.5	< 2.17e-8	-
58753.5	2.16e-8	9.40e-9
58761.5	< 3.42e-8	-
58768.5	3.33e-8	1.53e-8
58775.5	6.62e-9	6.59e-9
58782.5	1.19e-8	8.41e-9
58788.5	1.29e-8	8.53e-9
58795.5	8.31e-9	6.40e-9
58802.5	< 2.92e-8	-
58809.5	4.64e-9	4.78e-9
58816.5	< 3.51e-8	-
58823.5	1.30e-8	1.00e-8
58830.5	1.31e-8	8.82e-9
58837.5	< 5.74e-8	-
58844.5	< 5.65e-8	-
58851.5	< 7.46e-8	-
58858.5	< 2.84e-8	-
58865.5	< 3.53e-8	-
58872.5	< 3.45e-8	-
58879.5	< 3.93e-8	-
58885.5	< 5.21e-8	-
58892.5	< 6.37e-8	-
58899.5	< 3.71e-8	-
58906.5	2.02e-8	1.23e-8
58915.5	< 3.21e-8	-
58922.5	4.14e-8	1.69e-8
58929.5	1.63e-8	1.08e-8
58936.5	< 3.92e-8	-
58942.5	2.99e-8	1.21e-8
58949.5	2.48e-8	1.00e-8
58956.5	1.12e-8	7.50e-9
58963.5	3.05e-8	1.24e-8
58971.5	2.35e-8	1.22e-8
58978.5	1.31e-8	9.79e-9
58985.5	< 1.96e-8	-
58992.5	1.65e-8	8.68e-9
58999.5	< 3.72e-8	-
59005.5	< 2.97e-8	-
59012.5	< 5.92e-8	-
59019.5	3.42e-8	1.82e-8
59026.5	2.12e-8	1.40e-8
59034.5	< 3.92e-8	-
59041.5	1.18e-8	8.99e-9
59048.5	< 5.82e-7	-
59055.5	< 2.46e-6	-
59062.5	< 4.23e-8	-
59068.5	1.09e-8	7.68e-9
59075.5	1.49e-8	1.17e-8
59082.5	1.38e-8	1.01e-8
59089.5	2.46e-8	1.36e-8
59095.5	3.38e-8	1.65e-8
59102.5	2.90e-8	1.42e-8
59109.5	1.12e-8	8.58e-9
59116.5	3.07e-8	1.22e-8
59124.5	2.06e-8	1.03e-8
59131.5	4.41e-8	1.78e-8
59138.5	2.83e-8	1.36e-8
59145.5	2.78e-8	1.26e-8
59152.5	1.77e-8	9.64e-9
59158.5	< 2.55e-8	-
59165.5	4.17e-8	1.26e-8
59172.5	2.95e-8	1.28e-8
59179.5	2.39e-8	1.46e-8
59187.5	2.21e-8	1.33e-8
59194.5	< 2.28e-8	-
59201.5	1.45e-8	7.92e-9
59214.5	< 4.11e-8	-
59221.5	4.98e-8	3.13e-8
59228.5	1.66e-8	1.08e-8
59235.5	1.69e-8	1.28e-8
59242.5	1.48e-8	1.13e-8
59249.5	4.64e-8	1.72e-8
59256.5	1.59e-8	1.48e-8
59263.5	< 3.77e-8	-
59270.5	1.75e-8	9.89e-9
59279.5	< 3.36e-8	-
59286.5	2.56e-8	1.26e-8
59293.5	4.13e-8	1.74e-8
59300.5	< 4.38e-8	-
59306.5	6.82e-9	6.34e-9
59313.5	1.82e-8	9.62e-9
59320.5	2.94e-8	1.18e-8
59327.5	< 3.63e-8	-
59334.5	< 3.14e-8	-
59342.5	< 2.42e-8	-
59349.5	< 2.24e-8	-
59356.5	2.90e-8	1.46e-8
59363.5	< 3.01e-8	-
59369.5	< 5.66e-8	-
59376.5	1.39e-8	1.09e-8
59383.5	5.45e-8	2.77e-8
59390.5	2.21e-8	1.34e-8
59398.5	< 3.76e-8	-
59405.5	< 4.04e-8	-
59412.5	1.34e-8	9.52e-9
59419.5	< 5.09e-7	-
59432.5	1.84e-8	1.39e-8
59439.5	< 1.81e-8	-
59446.5	< 3.02e-8	-
59453.5	< 2.29e-8	-
59460.5	2.87e-8	1.22e-8
59467.5	< 2.86e-8	-
59474.5	1.60e-8	9.46e-9
59481.5	1.25e-8	8.86e-9
59488.5	1.14e-8	8.46e-9
59495.5	< 1.88e-8	-
59502.5	< 2.91e-8	-
59509.5	2.17e-8	1.38e-8
59516.5	2.61e-8	1.31e-8
59523.5	2.78e-8	1.21e-8
59530.5	1.67e-8	8.00e-9
59537.5	3.47e-8	1.15e-8
59544.5	2.89e-8	1.39e-8
59551.5	1.34e-8	1.12e-8
59558.5	< 1.97e-8	-
59565.5	< 2.55e-8	-
59572.5	< 2.91e-8	-
59579.5	< 1.96e-7	-
59585.5	< 4.87e-8	-
59592.5	< 4.20e-8	-
59599.5	< 2.55e-8	-
59606.5	< 1.82e-8	-
59613.5	< 3.94e-8	-
59620.5	2.72e-8	1.36e-8
59627.5	< 3.92e-8	-
59634.5	< 3.62e-8	-
59643.5	< 2.00e-8	-
59650.5	< 3.09e-8	-
59657.5	< 3.03e-8	-
59664.5	2.54e-8	1.61e-8
59671.5	< 1.53e-8	-
59678.5	< 1.44e-8	-
59685.5	1.92e-8	1.05e-8
59692.5	2.32e-8	1.01e-8
59699.5	< 1.88e-8	-
59706.5	< 2.15e-8	-
59713.5	< 2.61e-8	-
59720.5	< 2.55e-8	-
59727.5	1.38e-8	8.56e-9
59734.5	< 2.15e-8	-
59741.5	< 1.07e-7	-
59748.5	< 7.94e-8	-
59755.5	< 5.68e-8	-
59762.5	< 2.52e-8	-
59769.5	2.44e-8	1.60e-8
59776.5	2.18e-8	1.19e-8
59783.5	< 3.69e-8	-
59790.5	< 3.80e-7	-
59803.5	< 3.96e-8	-
59810.5	< 3.86e-8	-
59817.5	< 5.68e-8	-
59824.5	< 3.39e-8	-
59831.5	1.21e-8	9.03e-9
59838.5	1.78e-8	1.07e-8
59845.5	< 1.54e-8	-
59852.5	1.33e-8	8.20e-9
59859.5	1.46e-8	7.90e-9
59866.5	< 1.48e-8	-
59873.5	< 2.89e-8	-
59880.5	< 2.54e-8	-
59887.5	1.64e-8	1.15e-8
59894.5	1.33e-8	9.05e-9
59901.5	2.79e-8	1.18e-8
59908.5	1.94e-8	1.17e-8
59915.5	< 2.65e-8	-
59922.5	2.76e-8	1.50e-8
59929.5	2.48e-8	1.47e-8
59936.5	< 3.44e-8	-
59943.5	5.77e-8	2.22e-8
59950.5	< 2.35e-7	-
59957.5	6.08e-8	3.84e-8
59964.5	2.61e-8	1.44e-8
59971.5	3.57e-8	1.77e-8
59977.5	< 5.62e-8	-
59984.5	2.23e-8	1.33e-8
59991.5	2.74e-8	1.53e-8
59998.5	4.96e-8	1.81e-8
60008.5	3.30e-8	1.27e-8
60015.5	2.66e-8	1.09e-8
60022.5	2.19e-8	9.80e-9
60029.5	1.22e-8	8.78e-9
60036.5	1.82e-8	1.24e-8
60042.5	9.95e-9	8.43e-9
60049.5	1.93e-8	1.06e-8
60056.5	2.30e-8	1.03e-8
60063.5	2.59e-8	1.02e-8
60070.5	< 3.71e-8	-
60077.5	2.55e-8	1.27e-8
60084.5	< 2.71e-8	-
60091.5	1.55e-8	1.09e-8
60098.5	1.11e-8	7.09e-9
60105.5	< 3.36e-8	-
60112.5	< 4.50e-8	-
60119.5	2.37e-8	1.89e-8
60126.5	< 7.48e-8	-
60133.5	3.85e-8	1.78e-8
60140.5	1.43e-8	1.24e-8
60147.5	2.17e-8	1.08e-8
60154.5	< 6.62e-8	-
60161.5	< 3.39e-7	-
60168.5	< 9.47e-8	-
60175.5	1.21e-8	8.95e-9
60182.5	< 3.02e-8	-
60188.5	3.33e-8	1.71e-8
60195.5	< 3.40e-8	-
60202.5	1.05e-8	8.64e-9
60209.5	3.63e-8	1.31e-8
60216.5	3.98e-8	1.26e-8
60224.5	2.39e-8	1.00e-8
60231.5	3.29e-8	1.25e-8
60238.5	< 3.12e-8	-
60245.5	1.83e-8	1.26e-8
60251.5	< 3.72e-8	-
60258.5	1.30e-8	9.61e-9
